BROC	847033	818786	0.01695682	0.01695682	0.005611005	3.022066	
BROC	851882	817227	0.02076257	0.02076257	0.00553682	3.74991	
BROC	851349	815071	0.02177002	0.02177002	0.005556971	3.917606	
BROC	845660	816009	0.01784411	0.01784411	0.00524876	3.399681	
BROC	845723	816866	0.01735666	0.01735666	0.00517457	3.354223	
BROC	845747	816875	0.01736534	0.01736534	0.005585277	3.109128	
BROC	845600	817606	0.01683135	0.01683135	0.005564975	3.024514	
BROC	853026	815990	0.02219032	0.02219032	0.005559644	3.991321	
BROC	848548	816856	0.01902962	0.01902962	0.005483564	3.470301	
BROC	854726	816559	0.02283692	0.02283692	0.005472704	4.172877	
BROC	854466	814766	0.02378339	0.02378339	0.005537555	4.294927	
BROC	847291	813974	0.0200552	0.0200552	0.005126143	3.912337	
BROC	847204	814651	0.01958835	0.01958835	0.005018838	3.902966	
BROC	849996	817642	0.01940109	0.01940109	0.005478722	3.541171	
BROC	846854	815773	0.01869391	0.01869391	0.005360479	3.487358	
BROC	852987	812577	0.02426205	0.02426205	0.005515451	4.398925	
BROC	858689	827468	0.01851607	0.01851607	0.005465404	3.387869	
BROC	856741	823784	0.01961113	0.01961113	0.005475097	3.581879	
BROC	852513	826273	0.01563034	0.01563034	0.005085598	3.073452	
BROC	859733	826018	0.01999999	0.01999999	0.005512471	3.628135	
BROC	872187	833642	0.02259605	0.02259605	0.005464899	4.134761	
BROC	880272	840598	0.02305462	0.02305462	0.005494911	4.19563	
BROC	866467	830292	0.02132006	0.02132006	0.005622941	3.79162	
BROC	871291	823729	0.02805985	0.02805985	0.005518592	5.084603	
BROC	867312	836475	0.01809909	0.01809909	0.005551532	3.260198	
BROC	861181	832166	0.0171347	0.0171347	0.005578505	3.071558	
BROC	861699	829285	0.01916872	0.01916872	0.005490944	3.49097	
BROC	863467	832044	0.01853306	0.01853306	0.005445582	3.40332	
BROC	872687	841493	0.01819762	0.01819762	0.005414227	3.361075	
BROC	873656	838142	0.02074661	0.02074661	0.005479456	3.786253	
BROC	857849	823827	0.02023101	0.02023101	0.005346409	3.784037	
BROC	857378	826538	0.01831445	0.01831445	0.005314234	3.446301	
BROC	865495	827315	0.02255421	0.02255421	0.005358209	4.209282	
BROC	861422	832758	0.0169191	0.0169191	0.005369399	3.151023	
BROC	859755	830328	0.01741157	0.01741157	0.005360828	3.247926	
BROC	861474	833013	0.01679623	0.01679623	0.005237515	3.206909	
BROC	867623	832392	0.02072393	0.02072393	0.005298073	3.911598	
BROC	862616	812721	0.02978207	0.02978207	0.005453771	5.460821	
BROC	860851	823586	0.02212312	0.02212312	0.005423877	4.078839	
BROC	861638	821620	0.02377413	0.02377413	0.005464274	4.350831	
BROC	857390	822227	0.02093513	0.02093513	0.005150913	4.064353	
BROC	856236	821084	0.02095724	0.02095724	0.005056343	4.144743	
BROC	856217	822350	0.02017614	0.02017614	0.005610922	3.595869	
BROC	857841	816565	0.02465113	0.02465113	0.005525927	4.460994	
BROC	858640	818250	0.02408625	0.02408625	0.005315093	4.531671	
BROC	866219	819707	0.0275884	0.0275884	0.005460107	5.052721	
BROC	852661	820136	0.01944348	0.01944348	0.005352804	3.632392	
BROC	852401	822934	0.01758872	0.01758872	0.005346848	3.28955	
BROC	860195	827583	0.01932245	0.01932245	0.005324571	3.628921	
BROC	862278	832796	0.01739275	0.01739275	0.005317743	3.270702	
BROC	862850	832247	0.01805383	0.01805383	0.005418263	3.332034	
BROC	862608	834724	0.01642814	0.01642814	0.005405394	3.039212	
BROC	866355	823861	0.02514117	0.02514117	0.005304804	4.73932	
BROC	868656	830377	0.02252987	0.02252987	0.00545696	4.128649	
BROC	866293	824559	0.02468223	0.02468223	0.005447047	4.531305	
BROC	863074	833938	0.017169	0.017169	0.00517043	3.320614	
BROC	862150	833200	0.01707612	0.01707612	0.005108827	3.342474	
BROC	866038	825238	0.0241238	0.0241238	0.005362926	4.498253	
BROC	874211	829251	0.02639331	0.02639331	0.005297947	4.981799	
BROC	878410	837879	0.02361549	0.02361549	0.005403369	4.370511	
BROC	874994	830298	0.02621017	0.02621017	0.005379764	4.871994	
BROC	870381	838948	0.01838909	0.01838909	0.005053682	3.63875	
BROC	868492	837137	0.01838325	0.01838325	0.00498713	3.686137	
BROC	865809	836373	0.0172931	0.0172931	0.005373112	3.218451	
BROC	864841	836874	0.0164346	0.0164346	0.005319245	3.089648	
BROC	867416	837953	0.01727661	0.01727661	0.005296336	3.261993	
BROC	876707	833292	0.0253889	0.0253889	0.005375167	4.723371	
BROC	868833	816711	0.03092295	0.03092295	0.005498925	5.623455	
BROC	868451	821008	0.02808177	0.02808177	0.005574839	5.037234	
BROC	870948	819843	0.0302255	0.0302255	0.005561066	5.435199	
BROC	861181	822802	0.02279061	0.02279061	0.005198373	4.384181	
BROC	862157	823878	0.02270356	0.02270356	0.005207623	4.359679	
BROC	860721	824790	0.02131757	0.02131757	0.005601137	3.805937	
BROC	860360	824678	0.02117578	0.02117578	0.005529841	3.829366	
BROC	860737	823925	0.02185127	0.02185127	0.00547119	3.993878	
BROC	871912	821749	0.02961809	0.02961809	0.005599633	5.289291	
BROC	857793	820476	0.02223541	0.02223541	0.005302065	4.193726	
BROC	860699	828043	0.01933747	0.01933747	0.005457749	3.543122	
BROC	860217	824028	0.02148678	0.02148678	0.00552007	3.892483	
BROC	859178	823580	0.02115456	0.02115456	0.005537014	3.820571	
BROC	861950	832072	0.01763732	0.01763732	0.005341436	3.30198	
BROC	862369	834208	0.01659872	0.01659872	0.005394767	3.076818	
BROC	865776	834806	0.01821141	0.01821141	0.005438494	3.348613	
BROC	863722	833759	0.01765145	0.01765145	0.005466565	3.228984	
BROC	866367	836807	0.01735583	0.01735583	0.005509055	3.150419	
BROC	868191	831691	0.02147208	0.02147208	0.005366434	4.001182	
BROC	874203	832619	0.02436341	0.02436341	0.005468487	4.455237	
BROC	864065	835029	0.01708911	0.01708911	0.005486843	3.114561	
BROC	867239	836440	0.01807794	0.01807794	0.00513781	3.518608	
BROC	869455	832789	0.0215398	0.0215398	0.005086696	4.234537	
BROC	858559	830995	0.01631436	0.01631436	0.005188914	3.144081	
BROC	863777	835618	0.01657001	0.01657001	0.005429587	3.0518	
BROC	867646	829358	0.02256212	0.02256212	0.005322201	4.239245	
BROC	869897	841603	0.0165317	0.0165317	0.005381575	3.071907	
BROC	876851	843699	0.01926826	0.01926826	0.005488691	3.510538	
BROC	869329	840847	0.01665443	0.01665443	0.005071867	3.283687	
BROC	872257	842233	0.01751191	0.01751191	0.005336572	3.281491	
BROC	866314	826337	0.02361798	0.02361798	0.005485769	4.305319	
BROC	871132	826346	0.02638385	0.02638385	0.005539626	4.762749	
BROC	865997	833714	0.01899323	0.01899323	0.005566372	3.412138	
BROC	862382	828895	0.01979983	0.01979983	0.005205214	3.803846	
BROC	865418	825936	0.02334343	0.02334343	0.005153034	4.530036	
BROC	861077	830456	0.01810251	0.01810251	0.005536345	3.269759	
BROC	860592	829402	0.01845569	0.01845569	0.005523318	3.341413	
BROC	869176	827658	0.02446792	0.02446792	0.00544322	4.495119	
BROC	859660	829071	0.0181136	0.0181136	0.005319728	3.404986	
BROC	866003	830718	0.02079599	0.02079599	0.005521571	3.766318	
BROC	860231	829716	0.01805678	0.01805678	0.005106932	3.535739	
BROC	860973	828611	0.01915383	0.01915383	0.005402879	3.545115	
BROC	866781	838589	0.01653131	0.01653131	0.005444704	3.036218	
BROC	873580	840409	0.0193531	0.0193531	0.005493059	3.523192	
BROC	866539	838407	0.01650023	0.01650023	0.005084155	3.245422	
BROC	871178	841251	0.01747635	0.01747635	0.005426968	3.220278	
BROC	870082	841714	0.01657207	0.01657207	0.005462488	3.033795	
BROC	873494	840281	0.01938002	0.01938002	0.00556462	3.482722	
BROC	869901	841580	0.01654766	0.01654766	0.005180932	3.193953	
BROC	871153	840839	0.01770686	0.01770686	0.00544225	3.253591	
BROC	872628	837812	0.020355	0.020355	0.005651366	3.601783	
BROC	864528	830984	0.01978399	0.01978399	0.005417292	3.652008	
BROC	870319	840063	0.01768962	0.01768962	0.005739952	3.08184	
BROC	872284	843051	0.01704215	0.01704215	0.005573012	3.057979	
BROC	867528	839530	0.01640132	0.01640132	0.005447737	3.010666	
BROC	875260	823457	0.03049537	0.03049537	0.005675687	5.372983	
BROC	876478	830539	0.02691186	0.02691186	0.005748868	4.681245	
BROC	874423	832442	0.02459538	0.02459538	0.00577926	4.255802	
BROC	868865	835256	0.01972219	0.01972219	0.005539689	3.560162	
BROC	868364	832128	0.02130913	0.02130913	0.005384429	3.957546	
BROC	872752	822526	0.029627	0.029627	0.005636697	5.256092	
BROC	869134	826731	0.02500376	0.02500376	0.005665092	4.413654	
BROC	869745	829655	0.02359068	0.02359068	0.005681614	4.152109	
BROC	878068	830707	0.02771635	0.02771635	0.005877101	4.71599	
BROC	865562	831828	0.01987404	0.01987404	0.00547366	3.63085	
BROC	866078	833625	0.01909334	0.01909334	0.005484933	3.481052	
BROC	863935	834413	0.01738277	0.01738277	0.005643005	3.080411	
BROC	869383	840812	0.01670628	0.01670628	0.005566073	3.001449	
BROC	865449	831646	0.01991815	0.01991815	0.00570709	3.490072	
BROC	868856	838439	0.0178159	0.0178159	0.00552217	3.22625	
BROC	860303	825251	0.02079554	0.02079554	0.0056708	3.667126	
BROC	866251	821396	0.02657843	0.02657843	0.005646187	4.707323	
BROC	862807	826623	0.02141787	0.02141787	0.00574358	3.729011	
BROC	857418	823956	0.01990158	0.01990158	0.005704425	3.488797	
BROC	856118	826866	0.01738103	0.01738103	0.005602441	3.102404	
BROC	863396	826487	0.02184116	0.02184116	0.005765716	3.788109	
BROC	859714	827254	0.01924162	0.01924162	0.005625814	3.420238	
BROC	869171	832430	0.02159202	0.02159202	0.005602271	3.854154	
RIRL	920245	875777	0.02475916	0.02475916	0.00630124	3.929252	
RIRL	925637	882544	0.02383224	0.02383224	0.006619951	3.600063	
RIRL	920407	884006	0.02017332	0.02017332	0.006674793	3.022314	
RIRL	920575	874972	0.02539783	0.02539783	0.006076912	4.179397	
RIRL	914974	881611	0.01857023	0.01857023	0.006091899	3.048349	
RIRL	913107	877435	0.01992246	0.01992246	0.006488828	3.070271	
RIRL	918902	868672	0.02809954	0.02809954	0.006381083	4.403568	
RIRL	922254	877402	0.02492254	0.02492254	0.006317425	3.945047	
RIRL	908703	865045	0.02461342	0.02461342	0.006558846	3.752706	
RIRL	910934	868695	0.02373472	0.02373472	0.006723446	3.530143	
RIRL	906783	862760	0.02487817	0.02487817	0.006307477	3.944236	
RIRL	904348	869116	0.01986621	0.01986621	0.006618686	3.001533	
RIRL	908528	858581	0.02826481	0.02826481	0.006572321	4.300583	
RIRL	910627	867026	0.02452728	0.02452728	0.006509873	3.767705	
RIRL	913112	861990	0.02879947	0.02879947	0.006340213	4.542351	
RIRL	916230	866569	0.02785564	0.02785564	0.006639987	4.195134	
RIRL	911680	869108	0.02390627	0.02390627	0.006544751	3.652739	
RIRL	911010	858964	0.02940495	0.02940495	0.006110447	4.812242	
RIRL	907592	868091	0.02224552	0.02224552	0.006179044	3.600156	
RIRL	905740	863321	0.02397826	0.02397826	0.006458948	3.712409	
RIRL	913365	855588	0.03266169	0.03266169	0.006616349	4.936513	
RIRL	914844	862885	0.02922774	0.02922774	0.006450298	4.531223	
RIRL	915393	874843	0.02265064	0.02265064	0.006268651	3.613321	
RIRL	916951	878069	0.02166104	0.02166104	0.006458217	3.354028	
RIRL	912477	870673	0.02344391	0.02344391	0.005969244	3.92745	
RIRL	913040	865679	0.02662647	0.02662647	0.006337337	4.201523	
RIRL	916851	875054	0.02332546	0.02332546	0.006279386	3.714607	
RIRL	918059	864938	0.0297931	0.0297931	0.006156777	4.839074	
RIRL	922382	876511	0.02549957	0.02549957	0.006475128	3.93808	
RIRL	916809	877465	0.02192753	0.02192753	0.006557755	3.343756	
RIRL	918681	867514	0.02864581	0.02864581	0.005934704	4.82683	
RIRL	914131	873062	0.02297961	0.02297961	0.005944879	3.865446	
RIRL	910518	869768	0.02288958	0.02288958	0.006313501	3.625497	
RIRL	913155	866515	0.02620711	0.02620711	0.006313244	4.151132	
RIRL	915948	873508	0.0237167	0.0237167	0.006140049	3.862625	
RIRL	904521	855663	0.02775733	0.02775733	0.006468936	4.290864	
RIRL	904008	862273	0.02362874	0.02362874	0.006546139	3.609569	
RIRL	901882	855302	0.02650832	0.02650832	0.006173811	4.293673	
RIRL	898738	862665	0.0204797	0.0204797	0.006222716	3.291119	
RIRL	898361	861434	0.02098369	0.02098369	0.00644077	3.257948	
RIRL	899614	856437	0.02458755	0.02458755	0.006428346	3.824865	
RIRL	902255	863907	0.02171262	0.02171262	0.006306878	3.442689	
RIRL	908283	854255	0.03065352	0.03065352	0.006276539	4.883826	
RIRL	909423	862526	0.02646634	0.02646634	0.006535314	4.049742	
RIRL	905507	865541	0.0225663	0.0225663	0.006472914	3.486266	
RIRL	905905	853815	0.0296013	0.0296013	0.006045144	4.896707	
RIRL	903403	861627	0.02366872	0.02366872	0.006094085	3.883884	
RIRL	899103	857191	0.02386389	0.02386389	0.00629732	3.789531	
RIRL	903717	855329	0.02750809	0.02750809	0.006571493	4.185973	
RIRL	905355	861243	0.02497003	0.02497003	0.006266359	3.984774	
RIRL	910155	865357	0.02523103	0.02523103	0.006098542	4.137224	
RIRL	910613	872922	0.02113275	0.02113275	0.006279607	3.365298	
RIRL	907454	864304	0.02435434	0.02435434	0.005822203	4.183012	
RIRL	906366	873632	0.01838991	0.01838991	0.005880398	3.127324	
RIRL	904494	864799	0.02243552	0.02243552	0.006250856	3.589191	
RIRL	909319	874329	0.0196171	0.0196171	0.006143083	3.193364	
RIRL	908391	864636	0.02467814	0.02467814	0.006292865	3.921606	
RIRL	923232	860181	0.03535412	0.03535412	0.006176893	5.723609	
RIRL	923634	882252	0.02291507	0.02291507	0.00646614	3.543856	
RIRL	916423	877197	0.02186974	0.02186974	0.006036575	3.622872	
RIRL	913311	877695	0.01988603	0.01988603	0.005963826	3.334442	
RIRL	913871	869083	0.02512011	0.02512011	0.006284614	3.997081	
RIRL	913134	870421	0.02394824	0.02394824	0.006311397	3.794443	
RIRL	921842	872568	0.02745972	0.02745972	0.006206248	4.424528	
RIRL	913477	847780	0.0373012	0.0373012	0.006467453	5.767526	
RIRL	907585	863281	0.02501827	0.02501827	0.00653937	3.825792	
RIRL	902350	860574	0.02369699	0.02369699	0.006194851	3.825273	
RIRL	901256	863502	0.0213933	0.0213933	0.006178423	3.462583	
RIRL	905192	857167	0.02725041	0.02725041	0.0064818	4.204142	
RIRL	903789	857561	0.02624578	0.02624578	0.006440608	4.075047	
RIRL	910411	858500	0.0293463	0.0293463	0.00638368	4.597083	
RIRL	913996	851243	0.03554929	0.03554929	0.006354795	5.59409	
RIRL	908425	866950	0.02336126	0.02336126	0.006426711	3.635026	
RIRL	903038	863964	0.02211316	0.02211316	0.006127599	3.608781	
RIRL	902752	867288	0.02003571	0.02003571	0.006111016	3.278621	
RIRL	902490	857639	0.02548166	0.02548166	0.006282601	4.055909	
RIRL	903374	859781	0.02472443	0.02472443	0.006434899	3.842241	
RIRL	909960	860165	0.02813078	0.02813078	0.006360752	4.422556	
RIRL	914311	863612	0.02851586	0.02851586	0.006123089	4.657103	
RIRL	912665	875418	0.02083069	0.02083069	0.006197608	3.361085	
RIRL	924571	856787	0.03805187	0.03805187	0.006255353	6.083089	
RIRL	918624	872378	0.0258213	0.0258213	0.006405483	4.031125	
RIRL	913566	877425	0.02017933	0.02017933	0.006439293	3.13378	
RIRL	913776	869351	0.0249141	0.0249141	0.006075676	4.10063	
RIRL	914701	874132	0.02267903	0.02267903	0.006006675	3.775638	
RIRL	916486	866443	0.02806786	0.02806786	0.006291631	4.461142	
RIRL	910321	861492	0.02755878	0.02755878	0.006196621	4.447388	
RIRL	921557	866638	0.03071197	0.03071197	0.006246262	4.916857	
RIRL	912055	866550	0.02558466	0.02558466	0.006431745	3.977872	
RIRL	906376	871482	0.01962699	0.01962699	0.006379256	3.076689	
RIRL	908215	873458	0.01950807	0.01950807	0.006240252	3.126167	
RIRL	927068	863561	0.03546631	0.03546631	0.006335142	5.598345	
RIRL	928502	882284	0.02552372	0.02552372	0.006447888	3.958462	
RIRL	921769	878526	0.02401995	0.02401995	0.006106514	3.933497	
RIRL	916861	883462	0.01855167	0.01855167	0.006099827	3.041344	
RIRL	916267	873266	0.02402917	0.02402917	0.006406221	3.750913	
RIRL	920321	867517	0.02953511	0.02953511	0.006336485	4.66112	
RIRL	925963	872507	0.02972304	0.02972304	0.006230598	4.770496	
RIRL	918356	851151	0.03797951	0.03797951	0.006586817	5.765988	
RIRL	914753	864938	0.02799081	0.02799081	0.006589075	4.248064	
RIRL	908774	862548	0.02609689	0.02609689	0.006261889	4.167575	
RIRL	905572	869409	0.02037374	0.02037374	0.006282606	3.24288	
RIRL	908729	861533	0.02666046	0.02666046	0.006584286	4.049105	
RIRL	912619	855476	0.03231896	0.03231896	0.006525333	4.952845	
RIRL	916498	859671	0.03199414	0.03199414	0.006441305	4.967028	
RIRL	910694	857955	0.02981881	0.02981881	0.006445928	4.625991	
RIRL	907714	871942	0.02010051	0.02010051	0.006442323	3.120073	
RIRL	903954	860714	0.02450319	0.02450319	0.00648769	3.776875	
RIRL	906668	863368	0.02446278	0.02446278	0.006332001	3.863357	
RIRL	913729	869247	0.02494818	0.02494818	0.006250752	3.991228	
RIRL	907811	873536	0.01924106	0.01924106	0.006200093	3.10335	
RIRL	913307	878701	0.0193113	0.0193113	0.006231738	3.098862	
RIRL	925676	862239	0.03548099	0.03548099	0.006443584	5.506406	
RIRL	920743	874769	0.02560495	0.02560495	0.006399124	4.001321	
RIRL	915816	872300	0.02433623	0.02433623	0.006148122	3.958319	
RIRL	915034	881643	0.01858487	0.01858487	0.006179507	3.0075	
RIRL	916329	873254	0.02406985	0.02406985	0.006484317	3.712011	
RIRL	916154	862288	0.03028831	0.03028831	0.00638949	4.740333	
RIRL	923366	868963	0.03035324	0.03035324	0.006368587	4.766087	
RIRL	907799	862161	0.02578476	0.02578476	0.006187034	4.167549	
RIRL	902164	870445	0.01789396	0.01789396	0.005826884	3.070932	
RIRL	904581	866390	0.02156501	0.02156501	0.005995122	3.597092	
RIRL	917829	859535	0.03279801	0.03279801	0.005969218	5.494523	
RIRL	919674	876186	0.0242157	0.0242157	0.006185814	3.914715	
RIRL	914523	870260	0.02480021	0.02480021	0.005764269	4.302404	
RIRL	910078	874878	0.01972037	0.01972037	0.005758342	3.424662	
RIRL	908703	868194	0.02279761	0.02279761	0.006132358	3.717593	
RIRL	910155	866151	0.02477276	0.02477276	0.006063425	4.085605	
RIRL	919066	867462	0.02888508	0.02888508	0.005903451	4.892914	
RIRL	907612	848815	0.03347535	0.03347535	0.006228257	5.374753	
RIRL	904805	861048	0.02477953	0.02477953	0.006322562	3.919222	
RIRL	900416	856037	0.02526626	0.02526626	0.005948819	4.247273	
RIRL	897056	861946	0.01996018	0.01996018	0.005942712	3.358767	
RIRL	899212	858124	0.02338084	0.02338084	0.006292048	3.715935	
RIRL	900326	854811	0.02593245	0.02593245	0.006253591	4.146809	
RIRL	907604	855609	0.02948878	0.02948878	0.006122592	4.816388	
RIRL	907444	852437	0.03125609	0.03125609	0.006192526	5.04739	
RIRL	904775	864676	0.02266183	0.02266183	0.006211372	3.648442	
RIRL	898778	857734	0.02336676	0.02336676	0.005834235	4.005112	
RIRL	896822	865063	0.01802558	0.01802558	0.005887616	3.061609	
RIRL	896405	859398	0.02107697	0.02107697	0.006177942	3.411649	
RIRL	899072	857222	0.02382858	0.02382858	0.006249472	3.812895	
RIRL	906028	857500	0.02751757	0.02751757	0.006136791	4.484032	
RIRL	907226	864605	0.02405478	0.02405478	0.005922953	4.061281	
RIRL	908323	872223	0.02027468	0.02027468	0.005920808	3.42431	
RIRL	915577	861118	0.03065186	0.03065186	0.006101403	5.023739	
RIRL	911378	871639	0.0222875	0.0222875	0.006134281	3.633271	
RIRL	908109	867273	0.02300125	0.02300125	0.005811705	3.957745	
RIRL	906753	875219	0.01769613	0.01769613	0.00582484	3.038045	
RIRL	907466	870713	0.0206689	0.0206689	0.006179315	3.344852	
RIRL	903564	861859	0.02362323	0.02362323	0.00601755	3.925723	
RIRL	914887	866400	0.02722021	0.02722021	0.006026444	4.516794	
RIRL	917184	872768	0.02481407	0.02481407	0.006150253	4.034643	
RIRL	920453	884222	0.02007619	0.02007619	0.006423272	3.125539	
RIRL	918595	872196	0.02590978	0.02590978	0.005965762	4.343079	
RIRL	912759	880006	0.01826954	0.01826954	0.005936714	3.077383	
RIRL	909333	874839	0.01933334	0.01933334	0.006273811	3.081594	
RIRL	912021	872155	0.02234421	0.02234421	0.006288178	3.553368	
RIRL	915451	879274	0.02015741	0.02015741	0.006168029	3.268047	
RIRL	904658	863922	0.02303317	0.02303317	0.006455551	3.567963	
RIRL	903704	861248	0.02405505	0.02405505	0.006180782	3.891909	
RIRL	900821	863968	0.02088238	0.02088238	0.006509246	3.208111	
RIRL	908928	862870	0.02599506	0.02599506	0.006266214	4.148448	
RIRL	909711	871927	0.02120745	0.02120745	0.006476471	3.274538	
RIRL	907486	859061	0.02741223	0.02741223	0.006029704	4.546199	
RIRL	903503	869007	0.01946167	0.01946167	0.00601612	3.23492	
RIRL	900891	864564	0.02057657	0.02057657	0.006334126	3.248525	
RIRL	904368	862035	0.02396565	0.02396565	0.006504174	3.684657	
RIRL	905399	867233	0.0215307	0.0215307	0.00630086	3.417104	
RIRL	916457	872935	0.02432223	0.02432223	0.006239989	3.8978	
RIRL	915716	880593	0.01955287	0.01955287	0.006391413	3.059241	
RIRL	913729	867621	0.02588374	0.02588374	0.005954679	4.34679	
RIRL	908836	868718	0.02256922	0.02256922	0.006268502	3.600416	
RIRL	913829	878037	0.01997471	0.01997471	0.006204432	3.219426	
RIRL	908628	864578	0.02484201	0.02484201	0.006279602	3.955985	
RIRL	923744	861049	0.03512732	0.03512732	0.006216638	5.650534	
RIRL	922475	883664	0.02148838	0.02148838	0.006467593	3.32247	
RIRL	918340	876046	0.02357018	0.02357018	0.006015232	3.918416	
RIRL	914190	881110	0.01842589	0.01842589	0.005968945	3.086959	
RIRL	914782	870066	0.02505311	0.02505311	0.006299322	3.977113	
RIRL	915724	869640	0.0258121	0.0258121	0.006314814	4.087547	
RIRL	922404	873425	0.02727375	0.02727375	0.006188973	4.40683	
RIRL	915411	847020	0.03880492	0.03880492	0.00637418	6.08783	
RIRL	910701	866155	0.02507012	0.02507012	0.006575999	3.812367	
RIRL	906951	859207	0.02703269	0.02703269	0.00614513	4.399043	
RIRL	904195	866059	0.02154267	0.02154267	0.006136774	3.510423	
RIRL	907688	857098	0.02866637	0.02866637	0.006425182	4.461565	
RIRL	909362	857050	0.02961484	0.02961484	0.006511491	4.548088	
RIRL	914160	859702	0.03070025	0.03070025	0.006403061	4.79462	
RIRL	909625	854470	0.03126532	0.03126532	0.006254031	4.999228	
RIRL	900279	865400	0.01975387	0.01975387	0.006012706	3.285355	
RIRL	899322	861781	0.02131675	0.02131675	0.006222517	3.425744	
RIRL	901552	861918	0.02247501	0.02247501	0.006408793	3.506901	
RIRL	905607	863729	0.02366877	0.02366877	0.006250596	3.786641	
RIRL	913939	864527	0.02778349	0.02778349	0.006094209	4.559	
RIRL	907100	873690	0.01876134	0.01876134	0.00621722	3.017641	
RIRL	913122	877397	0.01995232	0.01995232	0.006182509	3.22722	
RIRL	921492	862557	0.03303441	0.03303441	0.006267416	5.270818	
RIRL	914014	878601	0.01975494	0.01975494	0.006333881	3.118931	
RIRL	911685	872502	0.02196126	0.02196126	0.006007073	3.655901	
RIRL	913463	872120	0.02315378	0.02315378	0.006321231	3.662859	
RIRL	910298	866762	0.02449889	0.02449889	0.006326641	3.872338	
RIRL	918129	872331	0.0255789	0.0255789	0.006321935	4.046056	
RIRL	904523	871640	0.0185135	0.0185135	0.006125313	3.022458	
RIRL	921293	868590	0.02944494	0.02944494	0.006056261	4.861901	
RIRL	924995	879556	0.02518022	0.02518022	0.006302266	3.995424	
RIRL	920252	873299	0.02617879	0.02617879	0.005847898	4.476616	
RIRL	913858	881796	0.01785533	0.01785533	0.00589422	3.029295	
RIRL	912545	874512	0.02128248	0.02128248	0.006157794	3.456186	
RIRL	915911	869289	0.02611584	0.02611584	0.00615305	4.244373	
RIRL	921676	875216	0.02585576	0.02585576	0.006082003	4.251191	
RIRL	909486	857908	0.02918308	0.02918308	0.006261061	4.661044	
RIRL	909272	865031	0.0249343	0.0249343	0.006409712	3.890081	
RIRL	905757	860186	0.02580548	0.02580548	0.006027769	4.281099	
RIRL	902666	865371	0.02109402	0.02109402	0.006294654	3.3511	
RIRL	905817	859466	0.02625698	0.02625698	0.006305565	4.164096	
RIRL	909679	864258	0.02560463	0.02560463	0.006240175	4.103191	
RIRL	909252	859295	0.02824748	0.02824748	0.006151237	4.592163	
RIRL	910230	867521	0.02402417	0.02402417	0.006355338	3.780157	
RIRL	904606	860558	0.02495406	0.02495406	0.005942517	4.19924	
RIRL	900124	864418	0.02023528	0.02023528	0.006215857	3.255429	
RIRL	904724	859681	0.02552872	0.02552872	0.006355304	4.016916	
RIRL	908828	864479	0.02500921	0.02500921	0.006211165	4.026492	
RIRL	922086	866339	0.031171	0.031171	0.006150295	5.068213	
RIRL	920859	872552	0.02693582	0.02693582	0.006240638	4.316197	
RIRL	917206	866623	0.02835642	0.02835642	0.00587681	4.825138	
RIRL	914407	879161	0.01965133	0.01965133	0.005961633	3.2963	
RIRL	914568	873556	0.02293577	0.02293577	0.006237747	3.676932	
RIRL	914480	863499	0.02867357	0.02867357	0.006229543	4.602837	
RIRL	921749	871213	0.02818576	0.02818576	0.006169281	4.568727	
RIRL	902541	864692	0.0214171	0.0214171	0.006046575	3.542021	
RIRL	919408	859575	0.03363326	0.03363326	0.005971804	5.63201	
RIRL	922545	875789	0.02599962	0.02599962	0.006293985	4.130868	
RIRL	917742	868570	0.02752711	0.02752711	0.005808001	4.739515	
RIRL	913322	873186	0.02246617	0.02246617	0.005837546	3.848565	
RIRL	911357	866557	0.02519807	0.02519807	0.006164667	4.087499	
RIRL	912999	864414	0.02733467	0.02733467	0.006149542	4.444993	
RIRL	918907	868120	0.02841983	0.02841983	0.005919184	4.801309	
RIRL	907880	847986	0.0341108	0.0341108	0.006200128	5.501629	
RIRL	906582	859660	0.02656601	0.02656601	0.006354093	4.180929	
RIRL	902633	853811	0.02779593	0.02779593	0.005952214	4.669848	
RIRL	899683	860260	0.02240016	0.02240016	0.006049504	3.702809	
RIRL	900957	855749	0.02573453	0.02573453	0.006262629	4.109221	
RIRL	902092	852738	0.02812466	0.02812466	0.006277864	4.479973	
RIRL	907465	856393	0.02895471	0.02895471	0.006072557	4.768125	
RIRL	909324	850297	0.03354529	0.03354529	0.006116013	5.48483	
RIRL	908508	862093	0.02621426	0.02621426	0.006251729	4.193122	
RIRL	902571	854060	0.02761593	0.02761593	0.005853996	4.71745	
RIRL	901315	862200	0.02218013	0.02218013	0.005926503	3.742533	
RIRL	899290	854700	0.02542204	0.02542204	0.006114613	4.157587	
RIRL	902190	853067	0.02798622	0.02798622	0.006329206	4.421758	
RIRL	907110	856067	0.02894945	0.02894945	0.006039482	4.793366	
RIRL	900903	865564	0.02000547	0.02000547	0.005874496	3.405478	
RIRL	915747	858570	0.03222479	0.03222479	0.005978485	5.390127	
RIRL	913595	868689	0.02519576	0.02519576	0.006092544	4.135507	
RIRL	910000	862831	0.0266066	0.0266066	0.00570481	4.663888	
RIRL	909488	871534	0.02131024	0.02131024	0.005768725	3.694098	
RIRL	909131	866626	0.02393627	0.02393627	0.006088603	3.931324	
RIRL	906756	859220	0.02691769	0.02691769	0.006047952	4.450712	
RIRL	915168	865826	0.02770475	0.02770475	0.005953645	4.653411	
