BROC	826074	825898	0.0001065393	0.0001065393	0.005456946	0.01952362	
BROC	830956	833072	-0.001271613	-0.001271613	0.005413545	-0.2348947	
BROC	873875	830888	0.02521582	0.02521582	0.005399069	4.670402	
BROC	864030	811046	0.0316308	0.0316308	0.005429959	5.825238	
BROC	867591	822674	0.02657394	0.02657394	0.005341382	4.975105	
BROC	818786	822998	-0.002565502	-0.002565502	0.005480265	-0.4681346	
BROC	816856	829232	-0.007518432	-0.007518432	0.005544395	-1.356042	
BROC	830044	826592	0.002083741	0.002083741	0.005436963	0.3832545	
BROC	830501	823810	0.004044584	0.004044584	0.005539863	0.7300874	
BROC	838195	834819	0.002017915	0.002017915	0.005339502	0.3779219	
BROC	842218	841779	0.0002606893	0.0002606893	0.005216674	0.04997232	
BROC	884645	838654	0.02668777	0.02668777	0.005103292	5.22952	
BROC	877497	820999	0.03326355	0.03326355	0.00522929	6.361006	
BROC	881952	834470	0.02766336	0.02766336	0.005224486	5.294944	
BROC	830292	832499	-0.001327286	-0.001327286	0.00539851	-0.2458616	
BROC	835120	845647	-0.006263212	-0.006263212	0.005411575	-1.157373	
BROC	844652	839786	0.002888797	0.002888797	0.00531273	0.5437501	
BROC	844496	836072	0.005012591	0.005012591	0.005431846	0.9228154	
BROC	823827	836005	-0.007336887	-0.007336887	0.005324731	-1.377889	
BROC	827315	842634	-0.009173334	-0.009173334	0.0052348	-1.752375	
BROC	872481	841425	0.01812001	0.01812001	0.005304957	3.415676	
BROC	863714	822546	0.02441379	0.02441379	0.00533524	4.57595	
BROC	868379	836211	0.0188714	0.0188714	0.005278037	3.575458	
BROC	812721	829385	-0.01014794	-0.01014794	0.005362296	-1.892463	
BROC	820136	845095	-0.01498831	-0.01498831	0.005399937	-2.775645	
BROC	827583	836733	-0.005497754	-0.005497754	0.005266371	-1.043936	
BROC	832247	838393	-0.00367883	-0.00367883	0.005453734	-0.6745524	
BROC	823861	839771	-0.009563413	-0.009563413	0.005197816	-1.839891	
BROC	829251	848581	-0.01152082	-0.01152082	0.005252644	-2.193337	
BROC	874641	848166	0.01536736	0.01536736	0.005283788	2.908399	
BROC	865690	828162	0.02215542	0.02215542	0.005270213	4.203894	
BROC	871554	843545	0.01633084	0.01633084	0.00531914	3.070203	
BROC	816711	837639	-0.01265029	-0.01265029	0.005284028	-2.394061	
BROC	820476	850508	-0.01797264	-0.01797264	0.005353748	-3.357021	
BROC	832072	846524	-0.008609576	-0.008609576	0.005403351	-1.593377	
BROC	834806	846141	-0.006743223	-0.006743223	0.005440161	-1.239526	
BROC	831691	830451	0.0007460253	0.0007460253	0.005210518	0.1431768	
BROC	841603	843287	-0.0009994718	-0.0009994718	0.005293977	-0.1887941	
BROC	881547	837288	0.02574942	0.02574942	0.005232024	4.921502	
BROC	871210	817033	0.03209076	0.03209076	0.005238836	6.125551	
BROC	877635	832066	0.0266532	0.0266532	0.005233871	5.092445	
BROC	826337	830012	-0.002218735	-0.002218735	0.005313143	-0.4175938	
BROC	829071	841175	-0.007246837	-0.007246837	0.005345068	-1.355799	
BROC	838589	834760	0.002288226	0.002288226	0.005269326	0.4342539	
BROC	841714	835225	0.00386955	0.00386955	0.005414815	0.7146229	
BROC	837812	842319	-0.002682529	-0.002682529	0.00552097	-0.48588	
BROC	843051	850662	-0.004493678	-0.004493678	0.005448938	-0.8246886	
BROC	884583	846051	0.02226467	0.02226467	0.005444934	4.089062	
BROC	874364	825174	0.02894316	0.02894316	0.005479006	5.282557	
BROC	879028	838235	0.02375466	0.02375466	0.005395365	4.40279	
BROC	823457	832234	-0.00530111	-0.00530111	0.005355866	-0.9897764	
BROC	831828	849112	-0.01028234	-0.01028234	0.005587409	-1.84027	
BROC	840812	842933	-0.001259692	-0.001259692	0.005449734	-0.2311474	
BROC	841174	840368	0.000479322	0.000479322	0.005471033	0.08761086	
BROC	835135	831427	0.00222494	0.00222494	0.005637573	0.3946627	
BROC	839987	838279	0.001017717	0.001017717	0.00551387	0.184574	
BROC	877940	830394	0.02783179	0.02783179	0.005388132	5.165388	
BROC	870765	813798	0.03381708	0.03381708	0.005512583	6.134525	
BROC	871918	822367	0.02924597	0.02924597	0.00533755	5.479286	
BROC	825251	825892	-0.0003882159	-0.0003882159	0.005550992	-0.06993632	
BROC	829199	838155	-0.005371385	-0.005371385	0.005600594	-0.9590741	
BROC	842253	835553	0.00399331	0.00399331	0.005610128	0.7118037	
BROC	836710	826647	0.006049814	0.006049814	0.005407074	1.11887	
BROC	826128	820270	0.00355807	0.00355807	0.005352306	0.6647734	
BROC	832244	823838	0.005075836	0.005075836	0.00531765	0.954526	
BROC	870490	825636	0.02644497	0.02644497	0.005240317	5.046445	
BROC	862103	806837	0.03311443	0.03311443	0.005281009	6.270474	
BROC	863582	819393	0.02625648	0.02625648	0.005268037	4.984111	
BROC	817227	815810	0.0008677084	0.0008677084	0.005355389	0.1620253	
BROC	816559	824636	-0.004921414	-0.004921414	0.005359605	-0.918242	
BROC	829954	821232	0.005282264	0.005282264	0.005350819	0.987188	
BROC	827468	822386	0.003080273	0.003080273	0.005399401	0.5704841	
BROC	833642	830371	0.00196573	0.00196573	0.005207842	0.3774557	
BROC	840598	835383	0.00311161	0.00311161	0.005271899	0.5902257	
BROC	879460	837480	0.02445048	0.02445048	0.005097436	4.796622	
BROC	873558	820130	0.03154536	0.03154536	0.005175251	6.095427	
BROC	875481	833841	0.02436054	0.02436054	0.005194772	4.689433	
BROC	823729	825650	-0.001164681	-0.001164681	0.005286026	-0.220332	
BROC	832044	843388	-0.006770791	-0.006770791	0.005325104	-1.271485	
BROC	841493	836322	0.003081985	0.003081985	0.005304795	0.5809809	
BROC	838142	836955	0.0007086157	0.0007086157	0.005446725	0.1300994	
BROC	836951	824387	0.007562579	0.007562579	0.00525665	1.438669	
BROC	840439	826172	0.008560486	0.008560486	0.00514048	1.665309	
BROC	881703	830518	0.02989392	0.02989392	0.00517555	5.775989	
BROC	874559	812648	0.03669437	0.03669437	0.005224131	7.024015	
BROC	877150	826325	0.02983607	0.02983607	0.005213349	5.723014	
BROC	823586	815742	0.004784887	0.004784887	0.005255247	0.9104972	
BROC	830596	832142	-0.0009297917	-0.0009297917	0.005311934	-0.1750383	
BROC	840282	825312	0.008987785	0.008987785	0.005267966	1.70612	
BROC	841801	830892	0.006521818	0.006521818	0.005395027	1.208857	
BROC	830377	830367	6.021398e-06	6.021398e-06	0.005198123	0.001158379	
BROC	837879	835971	0.001139887	0.001139887	0.005315436	0.2144485	
BROC	881179	842385	0.02250801	0.02250801	0.005303536	4.243963	
BROC	872223	821900	0.02970445	0.02970445	0.005292038	5.613047	
BROC	876191	837828	0.0223819	0.0223819	0.005317425	4.209161	
BROC	821008	825729	-0.002866882	-0.002866882	0.005226729	-0.548504	
BROC	828043	842816	-0.00884156	-0.00884156	0.005305732	-1.666416	
BROC	840345	838435	0.001137731	0.001137731	0.005344698	0.2128709	
BROC	838688	840997	-0.001374663	-0.001374663	0.005476987	-0.2509888	
BROC	832619	825037	0.004573928	0.004573928	0.005098554	0.8971032	
BROC	843699	833641	0.005996399	0.005996399	0.005279033	1.13589	
BROC	880259	833485	0.02729346	0.02729346	0.005172676	5.276468	
BROC	871298	813464	0.0343277	0.0343277	0.005181564	6.624968	
BROC	876319	829805	0.02726297	0.02726297	0.005182852	5.260224	
BROC	826346	823078	0.001981298	0.001981298	0.005270159	0.3759465	
BROC	830718	837358	-0.003980634	-0.003980634	0.005303944	-0.7505046	
BROC	840409	830377	0.00600436	0.00600436	0.005233039	1.147394	
BROC	840281	834508	0.003447001	0.003447001	0.005388733	0.6396683	
BROC	845773	833247	0.007460304	0.007460304	0.005628908	1.325355	
BROC	852382	837972	0.008524842	0.008524842	0.005489467	1.552945	
BROC	891089	839528	0.02979342	0.02979342	0.005419308	5.497643	
BROC	883274	820351	0.03693477	0.03693477	0.005461772	6.762415	
BROC	885280	833436	0.03016438	0.03016438	0.005435518	5.549494	
BROC	830539	821854	0.005256014	0.005256014	0.005415784	0.9704991	
BROC	840353	841392	-0.0006178107	-0.0006178107	0.005531796	-0.1116836	
BROC	849841	834706	0.008984611	0.008984611	0.005482236	1.638859	
BROC	848394	837474	0.006477375	0.006477375	0.005496699	1.178412	
BROC	831646	826588	0.003050233	0.003050233	0.005587245	0.545928	
BROC	838439	830360	0.004841206	0.004841206	0.005448837	0.8884843	
BROC	873609	829185	0.02608889	0.02608889	0.005324631	4.899661	
BROC	867390	812426	0.03272025	0.03272025	0.005326383	6.143053	
BROC	868182	823223	0.02658086	0.02658086	0.005285811	5.02872	
BROC	821396	820338	0.0006444406	0.0006444406	0.005460566	0.1180172	
BROC	827254	835544	-0.004985573	-0.004985573	0.005479711	-0.9098241	
BROC	839035	830793	0.004935838	0.004935838	0.005479277	0.9008191	
BROC	832430	828412	0.002419255	0.002419255	0.005353848	0.4518722	
BROC	820088	832974	-0.007795231	-0.007795231	0.005318138	-1.465782	
BROC	825632	843351	-0.01061664	-0.01061664	0.005357834	-1.981518	
BROC	867861	836244	0.01855343	0.01855343	0.005282757	3.512074	
BROC	860570	812242	0.02889028	0.02889028	0.005256707	5.495888	
BROC	864066	826489	0.02222761	0.02222761	0.005192449	4.280757	
BROC	815071	822705	-0.004661199	-0.004661199	0.005216303	-0.8935828	
BROC	814766	834560	-0.01200127	-0.01200127	0.005344282	-2.245627	
BROC	825825	833399	-0.004564785	-0.004564785	0.005351819	-0.8529408	
BROC	823784	832515	-0.005271391	-0.005271391	0.005384636	-0.978969	
BROC	839347	837085	0.001349294	0.001349294	0.005333439	0.2529876	
BROC	847203	850307	-0.001828561	-0.001828561	0.005462736	-0.3347335	
BROC	888054	841434	0.02695595	0.02695595	0.005234245	5.149922	
BROC	883918	820327	0.0373133	0.0373133	0.005256844	7.098041	
BROC	887708	834562	0.03085811	0.03085811	0.005237162	5.892144	
BROC	836475	829078	0.004441168	0.004441168	0.0053591	0.8287153	
BROC	841026	845713	-0.002778735	-0.002778735	0.005422729	-0.5124237	
BROC	848801	841822	0.004128064	0.004128064	0.005362713	0.7697716	
BROC	847698	841964	0.003393578	0.003393578	0.005498991	0.6171274	
BROC	828812	836523	-0.0046303	-0.0046303	0.005363894	-0.8632347	
BROC	832758	846010	-0.007893884	-0.007893884	0.005275948	-1.496202	
BROC	877791	841128	0.0213291	0.0213291	0.005252877	4.060461	
BROC	871990	818604	0.03157825	0.03157825	0.005250685	6.01412	
BROC	876002	833448	0.02489339	0.02489339	0.005187354	4.798861	
BROC	821620	823893	-0.001381332	-0.001381332	0.005269193	-0.2621525	
BROC	828230	842841	-0.008743494	-0.008743494	0.005292163	-1.652159	
BROC	835428	838001	-0.001537561	-0.001537561	0.005308409	-0.2896464	
BROC	836929	840580	-0.002176441	-0.002176441	0.005402099	-0.4028881	
BROC	824559	845337	-0.01244269	-0.01244269	0.005255416	-2.367594	
BROC	830298	856807	-0.01571271	-0.01571271	0.00542218	-2.897859	
BROC	875403	851782	0.01367601	0.01367601	0.005353123	2.554772	
BROC	868098	826495	0.02455044	0.02455044	0.005291037	4.640005	
BROC	874570	844774	0.01732987	0.01732987	0.005292058	3.274693	
BROC	819843	835259	-0.00931423	-0.00931423	0.005288131	-1.761346	
BROC	824028	852298	-0.01686426	-0.01686426	0.005275316	-3.196825	
BROC	834208	850027	-0.009392395	-0.009392395	0.005443164	-1.72554	
BROC	833759	851554	-0.01055887	-0.01055887	0.005449455	-1.937601	
BROC	835029	831625	0.002042416	0.002042416	0.005275485	0.3871522	
BROC	846221	847687	-0.0008654543	-0.0008654543	0.005472811	-0.1581371	
BROC	884772	837325	0.02755187	0.02755187	0.005314364	5.184416	
BROC	878722	813716	0.03840968	0.03840968	0.00525329	7.311547	
BROC	884088	830161	0.03145809	0.03145809	0.005255919	5.985269	
BROC	833714	824910	0.005308014	0.005308014	0.005364437	0.9894821	
BROC	836494	840666	-0.002487538	-0.002487538	0.005366919	-0.4634947	
BROC	844177	836541	0.004543296	0.004543296	0.005330814	0.8522707	
BROC	844382	837754	0.003940228	0.003940228	0.005355871	0.7356839	
BROC	841472	842392	-0.0005463624	-0.0005463624	0.005631375	-0.09702113	
BROC	848445	854824	-0.003745151	-0.003745151	0.005596953	-0.6691411	
BROC	890248	846764	0.02503379	0.02503379	0.005533662	4.523911	
BROC	883410	821856	0.03609642	0.03609642	0.005528852	6.528737	
BROC	887739	836756	0.02956402	0.02956402	0.00539774	5.477111	
BROC	832442	827164	0.003180273	0.003180273	0.005362001	0.5931131	
BROC	840543	847547	-0.004149068	-0.004149068	0.005548957	-0.7477203	
BROC	848516	843539	0.002941394	0.002941394	0.005550382	0.5299444	
BROC	848467	845318	0.00185915	0.00185915	0.005622196	0.3306804	
BROC	832534	836411	-0.002323024	-0.002323024	0.005643425	-0.4116338	
BROC	838844	847231	-0.004974275	-0.004974275	0.005624123	-0.8844534	
BROC	877159	836353	0.02381425	0.02381425	0.005570599	4.274989	
BROC	872040	814796	0.03393572	0.03393572	0.005567032	6.095838	
BROC	874439	826859	0.02796688	0.02796688	0.005477643	5.105641	
BROC	826623	824248	0.001438635	0.001438635	0.005487878	0.2621477	
BROC	830268	839903	-0.00576887	-0.00576887	0.005623238	-1.025898	
BROC	841936	839408	0.001503559	0.001503559	0.005609353	0.268045	
BROC	835946	835278	0.000399707	0.000399707	0.0055225	0.07237792	
BROC	825790	824338	0.0008799317	0.0008799317	0.005182524	0.1697883	
BROC	832260	832363	-6.187587e-05	-6.187587e-05	0.005186068	-0.01193117	
BROC	869856	832511	0.0219371	0.0219371	0.005166495	4.246032	
BROC	860231	814780	0.02713475	0.02713475	0.005184245	5.234079	
BROC	863803	828125	0.02108719	0.02108719	0.005161215	4.085702	
BROC	816009	824112	-0.004940489	-0.004940489	0.005209898	-0.948289	
BROC	813974	831699	-0.01077067	-0.01077067	0.0052277	-2.060307	
BROC	827941	828189	-0.0001497467	-0.0001497467	0.005153948	-0.02905475	
BROC	826273	826534	-0.0001579132	-0.0001579132	0.00524541	-0.03010502	
BROC	847195	827442	0.01179539	0.01179539	0.005130711	2.298978	
BROC	852368	834515	0.01058343	0.01058343	0.005188012	2.039977	
BROC	889728	834578	0.03198388	0.03198388	0.00498409	6.417195	
BROC	882708	819180	0.03732796	0.03732796	0.005130073	7.276301	
BROC	886139	832685	0.03109917	0.03109917	0.00513951	6.050999	
BROC	836044	826748	0.005590597	0.005590597	0.005184121	1.078408	
BROC	841751	842867	-0.0006624647	-0.0006624647	0.005229945	-0.1266676	
BROC	852258	835834	0.009729328	0.009729328	0.00521906	1.864192	
BROC	849320	832678	0.009894185	0.009894185	0.005302547	1.865931	
BROC	836249	830582	0.003399865	0.003399865	0.005229355	0.65015	
BROC	838602	835146	0.002064827	0.002064827	0.005100973	0.4047908	
BROC	878660	837442	0.02401839	0.02401839	0.005070153	4.737211	
BROC	870962	821467	0.02924495	0.02924495	0.005129548	5.701272	
BROC	874595	835004	0.02315806	0.02315806	0.005169384	4.479849	
BROC	822227	826122	-0.00236297	-0.00236297	0.005173203	-0.4567713	
BROC	827818	841891	-0.008428415	-0.008428415	0.005128066	-1.643585	
BROC	836416	833088	0.001993406	0.001993406	0.005032192	0.3961308	
BROC	838499	835211	0.001964498	0.001964498	0.005235133	0.3752527	
BROC	833938	833072	0.000519493	0.000519493	0.005009216	0.1037074	
BROC	838948	840166	-0.0007253826	-0.0007253826	0.00511648	-0.1417737	
BROC	880073	843719	0.02108955	0.02108955	0.005067319	4.161876	
BROC	870668	825458	0.02665486	0.02665486	0.005118374	5.207681	
BROC	876350	841364	0.02036777	0.02036777	0.005140319	3.962355	
BROC	822802	831848	-0.005467017	-0.005467017	0.004990104	-1.095572	
BROC	828284	848346	-0.01196567	-0.01196567	0.005092803	-2.349525	
BROC	840935	843277	-0.001390561	-0.001390561	0.005146614	-0.2701895	
BROC	839318	842028	-0.001611804	-0.001611804	0.005200548	-0.3099296	
BROC	836440	825740	0.006437329	0.006437329	0.005046899	1.275502	
BROC	846207	837561	0.005134912	0.005134912	0.005216787	0.9843053	
BROC	881331	835143	0.02690865	0.02690865	0.005088301	5.288338	
BROC	872111	818004	0.0320138	0.0320138	0.005132279	6.237735	
BROC	877337	832891	0.02598835	0.02598835	0.005115957	5.07986	
BROC	828895	827972	0.0005570755	0.0005570755	0.00514366	0.1083033	
BROC	832148	841929	-0.005842623	-0.005842623	0.005158363	-1.132651	
BROC	842435	834680	0.004624012	0.004624012	0.00513542	0.9004156	
BROC	842301	834922	0.004399534	0.004399534	0.005228801	0.8414041	
BROC	850568	833922	0.009881923	0.009881923	0.005369676	1.84032	
BROC	856615	841837	0.008700864	0.008700864	0.005336286	1.630509	
BROC	892133	839610	0.03032956	0.03032956	0.005258522	5.767696	
BROC	882794	821757	0.03580826	0.03580826	0.005350359	6.692683	
BROC	886546	835010	0.02993571	0.02993571	0.005309174	5.638487	
BROC	835256	827930	0.004404799	0.004404799	0.005266822	0.8363295	
BROC	841670	844742	-0.001821619	-0.001821619	0.00534958	-0.3405162	
BROC	851930	837886	0.008310964	0.008310964	0.005299541	1.568242	
BROC	851754	838158	0.008045389	0.008045389	0.005336422	1.507637	
BROC	842736	823719	0.01141165	0.01141165	0.005403935	2.11173	
BROC	849540	831384	0.0108012	0.0108012	0.005415963	1.994327	
BROC	882608	827339	0.03232205	0.03232205	0.005263544	6.14074	
BROC	875551	812908	0.03710069	0.03710069	0.005296974	7.00413	
BROC	877239	823180	0.03179158	0.03179158	0.005293862	6.005365	
BROC	831333	821822	0.005753242	0.005753242	0.00534795	1.075784	
BROC	834136	834549	-0.0002475003	-0.0002475003	0.005294045	-0.04675069	
BROC	848030	830995	0.01014577	0.01014577	0.00534734	1.897349	
BROC	841900	825012	0.01013131	0.01013131	0.005244712	1.931719	
BROC	825879	821318	0.002768946	0.002768946	0.005133718	0.5393647	
BROC	830317	830236	4.877893e-05	4.877893e-05	0.005087102	0.009588747	
BROC	871289	826441	0.02641645	0.02641645	0.005038031	5.243407	
BROC	862029	810714	0.03067716	0.03067716	0.00515827	5.947179	
BROC	864711	821247	0.02578	0.02578	0.005041434	5.113625	
BROC	816866	820498	-0.002218199	-0.002218199	0.005130179	-0.4323825	
BROC	814651	825378	-0.006540738	-0.006540738	0.005050204	-1.295143	
BROC	828114	823970	0.002508347	0.002508347	0.005070298	0.494714	
BROC	828644	820405	0.004996213	0.004996213	0.005131364	0.9736617	
BROC	844564	826068	0.01107126	0.01107126	0.005013838	2.208141	
BROC	847575	834466	0.007793508	0.007793508	0.005063435	1.539174	
BROC	887971	830124	0.03366927	0.03366927	0.004843205	6.951856	
BROC	881673	816783	0.03820529	0.03820529	0.005025281	7.602617	
BROC	884442	827816	0.03307095	0.03307095	0.004989136	6.628593	
BROC	834408	824907	0.005725857	0.005725857	0.005085098	1.126007	
BROC	839861	838445	0.0008437079	0.0008437079	0.005100081	0.1654303	
BROC	849541	833237	0.009688741	0.009688741	0.00512149	1.891782	
BROC	848371	827798	0.01227382	0.01227382	0.005160365	2.378479	
BROC	834370	826885	0.00450563	0.00450563	0.005106251	0.8823753	
BROC	835689	833628	0.001234637	0.001234637	0.004987918	0.2475255	
BROC	879924	832531	0.02767547	0.02767547	0.00499977	5.535349	
BROC	871822	817936	0.03188977	0.03188977	0.005106254	6.245239	
BROC	875199	829355	0.02689501	0.02689501	0.005058568	5.316724	
BROC	821084	821712	-0.0003822751	-0.0003822751	0.005033262	-0.07594977	
BROC	828342	836638	-0.004982642	-0.004982642	0.005053529	-0.9859729	
BROC	835869	829428	0.003867779	0.003867779	0.004960006	0.7797932	
BROC	840415	830004	0.006232568	0.006232568	0.005143863	1.211651	
BROC	833200	830141	0.00183907	0.00183907	0.004983524	0.36903	
BROC	837137	839539	-0.001432596	-0.001432596	0.005043425	-0.2840523	
BROC	881432	838810	0.02477675	0.02477675	0.005008996	4.94645	
BROC	872292	822307	0.02949665	0.02949665	0.005089732	5.795325	
BROC	877193	835702	0.02422273	0.02422273	0.005045362	4.800991	
BROC	823878	829492	-0.003395489	-0.003395489	0.004979626	-0.6818764	
BROC	829100	842988	-0.008305783	-0.008305783	0.005048744	-1.645118	
BROC	841855	840770	0.0006448258	0.0006448258	0.005108156	0.1262346	
BROC	842152	837287	0.002896801	0.002896801	0.005181239	0.5590941	
BROC	832789	826399	0.003851281	0.003851281	0.004931446	0.780964	
BROC	840847	839571	0.0007593349	0.0007593349	0.005082421	0.1494042	
BROC	879063	832348	0.02729619	0.02729619	0.004985186	5.475461	
BROC	870404	817229	0.03150863	0.03150863	0.005059051	6.22817	
BROC	875285	829978	0.02656892	0.02656892	0.004993318	5.320896	
BROC	825936	827459	-0.000921135	-0.000921135	0.005027462	-0.1832207	
BROC	829716	839434	-0.005822125	-0.005822125	0.004990522	-1.166636	
BROC	838407	833253	0.003083163	0.003083163	0.005011192	0.6152553	
BROC	841580	832662	0.00532659	0.00532659	0.005105404	1.043324	
BROC	847944	831594	0.00973482	0.00973482	0.005354336	1.818119	
BROC	851528	840633	0.006438513	0.006438513	0.005254045	1.225439	
BROC	891227	835157	0.03247829	0.03247829	0.005209326	6.234643	
BROC	882223	819146	0.03707426	0.03707426	0.00531695	6.972844	
BROC	885334	829742	0.03241372	0.03241372	0.00521935	6.210299	
BROC	832128	823565	0.005171853	0.005171853	0.005167328	1.000876	
BROC	839189	838830	0.0002139428	0.0002139428	0.005237457	0.04084859	
BROC	849465	834701	0.008766357	0.008766357	0.005256198	1.667813	
BROC	851375	832929	0.0109517	0.0109517	0.005283613	2.072768	
BROC	840276	820638	0.01182361	0.01182361	0.005286511	2.236562	
BROC	845691	830446	0.009095319	0.009095319	0.005284503	1.72113	
BROC	882827	822802	0.0351923	0.0351923	0.005138839	6.848297	
BROC	875446	809403	0.03919817	0.03919817	0.005213523	7.518557	
BROC	877316	818192	0.03487096	0.03487096	0.005147379	6.774509	
BROC	829264	817653	0.007050143	0.007050143	0.005212994	1.352417	
BROC	834398	830398	0.002402697	0.002402697	0.005185709	0.4633304	
BROC	847192	828270	0.0112936	0.0112936	0.005270663	2.142729	
BROC	843373	820606	0.01368226	0.01368226	0.005134965	2.664529	
BROC	819510	846072	-0.01594758	-0.01594758	0.005494005	-2.902724	
BROC	828326	849757	-0.01277112	-0.01277112	0.005495553	-2.323901	
BROC	870709	844259	0.01542303	0.01542303	0.005354429	2.880424	
BROC	862179	820571	0.02472619	0.02472619	0.005295209	4.66954	
BROC	863410	837913	0.01498657	0.01498657	0.005293111	2.831335	
BROC	816875	834028	-0.01039007	-0.01039007	0.005417927	-1.917721	
BROC	817642	833959	-0.009879505	-0.009879505	0.005357121	-1.844182	
BROC	826978	836665	-0.005822764	-0.005822764	0.005260365	-1.106912	
BROC	826772	834547	-0.004680016	-0.004680016	0.005451124	-0.8585415	
BROC	835781	852041	-0.009633717	-0.009633717	0.005418242	-1.778015	
BROC	843431	855469	-0.007085761	-0.007085761	0.005370772	-1.319319	
BROC	886061	850442	0.02051191	0.02051191	0.005213237	3.934583	
BROC	880352	828505	0.03034016	0.03034016	0.005260417	5.767635	
BROC	881426	846559	0.02017784	0.02017784	0.005233561	3.85547	
BROC	832166	839891	-0.004620058	-0.004620058	0.005438295	-0.8495416	
BROC	838824	846502	-0.004555795	-0.004555795	0.00532999	-0.8547475	
BROC	844817	846308	-0.0008816616	-0.0008816616	0.00531925	-0.1657492	
BROC	843106	842008	0.000651588	0.000651588	0.005428161	0.1200384	
BROC	829912	853100	-0.01377768	-0.01377768	0.005595987	-2.462064	
BROC	835280	854414	-0.01132394	-0.01132394	0.005413952	-2.091623	
BROC	880197	851124	0.01679238	0.01679238	0.005415533	3.10078	
BROC	873642	828971	0.02623673	0.02623673	0.005402114	4.856753	
BROC	874752	846390	0.01647859	0.01647859	0.005395066	3.054382	
BROC	822350	835641	-0.008016328	-0.008016328	0.005517328	-1.452937	
BROC	830505	843694	-0.007877797	-0.007877797	0.005351733	-1.472009	
BROC	834916	841959	-0.004200075	-0.004200075	0.005229261	-0.803187	
BROC	839669	844441	-0.002833544	-0.002833544	0.00547649	-0.5174015	
BROC	828212	854775	-0.01578325	-0.01578325	0.005304038	-2.975704	
BROC	836373	858775	-0.01321537	-0.01321537	0.005415159	-2.440439	
BROC	883485	858132	0.01455716	0.01455716	0.005324589	2.73395	
BROC	875315	833429	0.02451274	0.02451274	0.005319411	4.608168	
BROC	879344	854730	0.01419432	0.01419432	0.005378343	2.639162	
BROC	824790	842193	-0.01043982	-0.01043982	0.005317362	-1.963345	
BROC	831774	849373	-0.01046845	-0.01046845	0.005224143	-2.003859	
BROC	840717	852212	-0.006790007	-0.006790007	0.005336994	-1.272253	
BROC	840666	850137	-0.00560148	-0.00560148	0.00539304	-1.03865	
BROC	830995	847733	-0.009970644	-0.009970644	0.005303183	-1.880125	
BROC	843153	855179	-0.007081065	-0.007081065	0.005404046	-1.310327	
BROC	884487	848707	0.02064397	0.02064397	0.005254162	3.929069	
BROC	875559	824388	0.03010153	0.03010153	0.005238987	5.745677	
BROC	878618	843921	0.02014294	0.02014294	0.00526187	3.828095	
BROC	830456	837034	-0.003944851	-0.003944851	0.005336064	-0.7392811	
BROC	835096	842200	-0.004235388	-0.004235388	0.005188383	-0.8163214	
BROC	841361	842189	-0.0004918179	-0.0004918179	0.005185439	-0.09484596	
BROC	842840	841717	0.0006666441	0.0006666441	0.005327968	0.1251216	
BROC	830984	861478	-0.01801754	-0.01801754	0.005575451	-3.231584	
BROC	839530	866344	-0.01571863	-0.01571863	0.005524692	-2.845159	
BROC	882122	860844	0.01220793	0.01220793	0.00540716	2.257733	
BROC	874015	835738	0.02238744	0.02238744	0.005418693	4.131521	
BROC	875147	853603	0.01246218	0.01246218	0.005345422	2.331375	
BROC	822526	842477	-0.01198256	-0.01198256	0.00530796	-2.25747	
BROC	833625	854074	-0.0121165	-0.0121165	0.005400938	-2.243406	
BROC	840372	854599	-0.008393654	-0.008393654	0.005402532	-1.553652	
BROC	839814	852105	-0.007264532	-0.007264532	0.005386483	-1.34866	
BROC	829380	851323	-0.01305585	-0.01305585	0.005750371	-2.270435	
BROC	838232	855152	-0.009991827	-0.009991827	0.00556843	-1.79437	
BROC	876069	845058	0.01801785	0.01801785	0.005435511	3.314839	
BROC	870783	824708	0.02717502	0.02717502	0.005483454	4.955822	
BROC	869469	838604	0.01807007	0.01807007	0.005403734	3.343997	
BROC	823956	835848	-0.007164701	-0.007164701	0.005519654	-1.298034	
BROC	831913	842951	-0.006590386	-0.006590386	0.00546681	-1.205527	
BROC	841393	846249	-0.002877388	-0.002877388	0.005537902	-0.5195808	
BROC	835375	838097	-0.001626558	-0.001626558	0.00534976	-0.3040432	
BROC	830996	820238	0.006515127	0.006515127	0.005538795	1.176272	
BROC	834727	830608	0.002473376	0.002473376	0.005412602	0.4569662	
BROC	878490	828083	0.02953697	0.02953697	0.005466247	5.40352	
BROC	868671	806814	0.03691886	0.03691886	0.005409615	6.824675	
BROC	873149	817545	0.03288827	0.03288827	0.005309825	6.193852	
BROC	823359	814507	0.005404594	0.005404594	0.00533351	1.013328	
BROC	821044	825420	-0.002657817	-0.002657817	0.005433334	-0.4891687	
BROC	835547	821738	0.008332303	0.008332303	0.005356	1.555695	
BROC	836387	819104	0.0104398	0.0104398	0.005491529	1.901074	
BROC	841116	830038	0.006628952	0.006628952	0.005330707	1.243541	
BROC	845108	840950	0.002466107	0.002466107	0.005193625	0.4748335	
BROC	888068	837464	0.02932661	0.02932661	0.005124528	5.722792	
BROC	881259	818164	0.03712731	0.03712731	0.005220006	7.112503	
BROC	886708	830660	0.03263599	0.03263599	0.005141179	6.347958	
BROC	832863	824458	0.005071438	0.005071438	0.00520743	0.9738848	
BROC	838594	843365	-0.002836573	-0.002836573	0.005310116	-0.534183	
BROC	848422	834971	0.00799041	0.00799041	0.005213597	1.53261	
BROC	846921	830377	0.009863483	0.009863483	0.005338264	1.847695	
BROC	828763	832979	-0.002537097	-0.002537097	0.00535503	-0.4737782	
BROC	830328	841668	-0.006782313	-0.006782313	0.005176821	-1.310131	
BROC	875307	839941	0.02061859	0.02061859	0.005276919	3.907317	
BROC	867380	820041	0.02805405	0.02805405	0.005285502	5.307737	
BROC	872784	831990	0.02392927	0.02392927	0.00525595	4.552796	
BROC	816565	822453	-0.003592395	-0.003592395	0.005200922	-0.6907228	
BROC	823193	842783	-0.01175887	-0.01175887	0.005280424	-2.22688	
BROC	832067	833390	-0.0007943766	-0.0007943766	0.005151602	-0.1541999	
BROC	835612	833786	0.001093807	0.001093807	0.005371768	0.2036215	
BROC	831968	832215	-0.0001484212	-0.0001484212	0.005216744	-0.02845092	
BROC	836874	844534	-0.004555706	-0.004555706	0.005200323	-0.8760428	
BROC	882294	843175	0.02267152	0.02267152	0.005257883	4.31191	
BROC	873052	821529	0.03040457	0.03040457	0.00522671	5.817152	
BROC	881005	836524	0.02589825	0.02589825	0.005277434	4.907357	
BROC	824678	827179	-0.001514054	-0.001514054	0.005171632	-0.2927613	
BROC	828451	844897	-0.009828201	-0.009828201	0.005263439	-1.867258	
BROC	842336	840694	0.0009756213	0.0009756213	0.005316165	0.1835198	
BROC	842743	838176	0.002716966	0.002716966	0.005378397	0.5051628	
BROC	835618	826454	0.0055136	0.0055136	0.005295835	1.04112	
BROC	843838	841443	0.001421128	0.001421128	0.005340767	0.2660906	
BROC	883259	834385	0.02845409	0.02845409	0.005248956	5.420905	
BROC	874235	813703	0.03586151	0.03586151	0.005260603	6.816996	
BROC	881932	827724	0.03170696	0.03170696	0.005217282	6.077295	
BROC	829402	822197	0.004362439	0.004362439	0.005219173	0.8358488	
BROC	833167	839402	-0.003727798	-0.003727798	0.005361017	-0.6953528	
BROC	843147	831353	0.007043297	0.007043297	0.005246464	1.342485	
BROC	846411	831834	0.008685859	0.008685859	0.005407567	1.606242	
BROC	840672	836786	0.0023166	0.0023166	0.005576873	0.4153941	
BROC	844400	848041	-0.002151331	-0.002151331	0.005410349	-0.3976325	
BROC	887697	844324	0.02504184	0.02504184	0.005432982	4.609227	
BROC	878107	821893	0.03306706	0.03306706	0.00537506	6.151942	
BROC	883118	833630	0.0288266	0.0288266	0.005304452	5.434416	
BROC	826731	824156	0.001559768	0.001559768	0.005234712	0.2979663	
BROC	834854	846278	-0.006795421	-0.006795421	0.005477234	-1.240667	
BROC	845356	838798	0.003893943	0.003893943	0.005405149	0.7204136	
BROC	845512	836412	0.00541047	0.00541047	0.005430723	0.9962708	
BROC	838381	825402	0.007800897	0.007800897	0.005726507	1.362244	
BROC	842523	835508	0.004180495	0.004180495	0.005546419	0.7537287	
BROC	881708	828327	0.03121632	0.03121632	0.005465892	5.711112	
BROC	875523	810827	0.03836452	0.03836452	0.005534947	6.931325	
BROC	878082	818798	0.03493706	0.03493706	0.005378279	6.495955	
BROC	828877	817394	0.006975158	0.006975158	0.005463723	1.276631	
BROC	832936	834621	-0.00101046	-0.00101046	0.005551395	-0.1820191	
BROC	847491	830926	0.009869419	0.009869419	0.005565644	1.773275	
BROC	841065	821534	0.01174727	0.01174727	0.005421695	2.166715	
BROC	826225	824846	0.0008352154	0.0008352154	0.005525599	0.1511538	
BROC	830106	831825	-0.001034339	-0.001034339	0.005441957	-0.1900675	
BROC	869686	831547	0.02241845	0.02241845	0.005372262	4.173	
BROC	861111	811201	0.02984491	0.02984491	0.005405429	5.521284	
BROC	862309	825985	0.02151521	0.02151521	0.005425019	3.965923	
BROC	817606	820808	-0.001954329	-0.001954329	0.005465767	-0.3575581	
BROC	815773	831279	-0.009414396	-0.009414396	0.005535908	-1.700605	
BROC	829911	822163	0.004689863	0.004689863	0.00533732	0.8786924	
BROC	827204	825243	0.001186725	0.001186725	0.005571924	0.212983	
BROC	839841	832606	0.004325997	0.004325997	0.005474534	0.7902037	
BROC	844009	840659	0.001988522	0.001988522	0.005456079	0.36446	
BROC	882970	839348	0.02532749	0.02532749	0.005256879	4.817972	
BROC	876263	820407	0.03292096	0.03292096	0.005315174	6.193768	
BROC	877193	835541	0.02431901	0.02431901	0.00531838	4.572635	
BROC	829285	827453	0.001105787	0.001105787	0.005444293	0.2031095	
BROC	835017	845818	-0.006425973	-0.006425973	0.005506709	-1.166935	
BROC	846387	834399	0.007132377	0.007132377	0.005371063	1.327927	
BROC	842383	835631	0.004023804	0.004023804	0.005573201	0.7219916	
BROC	831631	833793	-0.001298168	-0.001298168	0.005540932	-0.2342869	
BROC	833013	839114	-0.003648646	-0.003648646	0.005359371	-0.6807975	
BROC	875244	840792	0.0200765	0.0200765	0.005381805	3.73044	
BROC	868080	821528	0.02755195	0.02755195	0.005398721	5.103422	
BROC	869196	836981	0.01888139	0.01888139	0.005442134	3.469484	
BROC	818250	824843	-0.004012554	-0.004012554	0.005418356	-0.7405483	
BROC	825226	844596	-0.01160004	-0.01160004	0.005484249	-2.115155	
BROC	833774	830173	0.002164131	0.002164131	0.005156494	0.4196905	
BROC	834801	837046	-0.001342826	-0.001342826	0.005495259	-0.2443609	
BROC	832327	832586	-0.0001555637	-0.0001555637	0.005430086	-0.02864848	
BROC	837953	842201	-0.00252834	-0.00252834	0.005488281	-0.4606797	
BROC	881730	845496	0.02097815	0.02097815	0.005462559	3.840352	
BROC	872175	823000	0.0290088	0.0290088	0.005407308	5.364741	
BROC	876229	841965	0.01994187	0.01994187	0.005525409	3.609121	
BROC	823925	829059	-0.003105898	-0.003105898	0.005423858	-0.5726363	
BROC	829266	847891	-0.0111051	-0.0111051	0.005548989	-2.001284	
BROC	843712	839278	0.002634597	0.002634597	0.005526932	0.4766834	
BROC	841000	842354	-0.0008043466	-0.0008043466	0.005625354	-0.142986	
BROC	840372	824666	0.009432818	0.009432818	0.00533936	1.766657	
BROC	847962	835581	0.007354134	0.007354134	0.00548006	1.34198	
BROC	885252	832844	0.03050353	0.03050353	0.005274622	5.783074	
BROC	876108	811854	0.03806602	0.03806602	0.005263612	7.231921	
BROC	879565	829548	0.02926489	0.02926489	0.005296255	5.525581	
BROC	833375	822286	0.006697627	0.006697627	0.005322252	1.25842	
BROC	836425	838629	-0.001315778	-0.001315778	0.005419993	-0.2427639	
BROC	847276	826288	0.0125409	0.0125409	0.005237681	2.394361	
BROC	846308	831348	0.008917204	0.008917204	0.005433571	1.641131	
BROC	843698	836399	0.004344392	0.004344392	0.005676966	0.7652666	
BROC	849308	845883	0.002020421	0.002020421	0.005612281	0.36	
BROC	886432	842844	0.02520592	0.02520592	0.005503607	4.579891	
BROC	878019	821811	0.03306684	0.03306684	0.005465373	6.050243	
BROC	879649	837420	0.02459365	0.02459365	0.005438938	4.521775	
BROC	829655	826576	0.00185904	0.00185904	0.005499611	0.3380312	
BROC	837192	847674	-0.006221266	-0.006221266	0.005649947	-1.101119	
BROC	847106	834428	0.007539544	0.007539544	0.005452143	1.382859	
BROC	846476	839725	0.004003675	0.004003675	0.00560695	0.7140557	
BROC	838160	828559	0.005760419	0.005760419	0.005747712	1.002211	
BROC	842626	835622	0.0041734	0.0041734	0.00560376	0.7447499	
BROC	877002	830139	0.02745116	0.02745116	0.005403409	5.080341	
BROC	871549	813175	0.034649	0.034649	0.005458406	6.347823	
BROC	870284	824900	0.02677231	0.02677231	0.005391444	4.965704	
BROC	826866	821333	0.003356998	0.003356998	0.00552943	0.6071146	
BROC	830259	837540	-0.004365634	-0.004365634	0.005516625	-0.7913596	
BROC	844604	828771	0.009461717	0.009461717	0.005432772	1.7416	
BROC	836945	826521	0.006266434	0.006266434	0.00540923	1.158471	
BROC	819941	829994	-0.006092967	-0.006092967	0.005460055	-1.115917	
BROC	828020	833793	-0.003473917	-0.003473917	0.005313855	-0.653747	
BROC	868281	830580	0.02219193	0.02219193	0.005311275	4.178267	
BROC	858999	810050	0.02932748	0.02932748	0.005302194	5.531197	
BROC	862341	822800	0.02346451	0.02346451	0.005232385	4.484476	
BROC	815990	817287	-0.000794109	-0.000794109	0.005290447	-0.1501024	
BROC	812577	831623	-0.01158375	-0.01158375	0.005439052	-2.129737	
BROC	827190	824633	0.001547987	0.001547987	0.005279911	0.2931842	
BROC	826018	823139	0.00174574	0.00174574	0.005346944	0.3264931	
BROC	841771	832670	0.005435247	0.005435247	0.005325324	1.020642	
BROC	849524	836485	0.007733648	0.007733648	0.005278281	1.465183	
BROC	888162	831329	0.03305222	0.03305222	0.005069302	6.520074	
BROC	881606	813455	0.04020563	0.04020563	0.005179127	7.763013	
BROC	883690	825380	0.03411797	0.03411797	0.005061854	6.740212	
BROC	837822	820080	0.01070148	0.01070148	0.005331524	2.007208	
BROC	839485	839950	-0.0002768788	-0.0002768788	0.005396152	-0.05131042	
BROC	852098	831214	0.01240649	0.01240649	0.005357105	2.315895	
BROC	849890	828335	0.01284393	0.01284393	0.005376674	2.388824	
BROC	826538	837702	-0.006708167	-0.006708167	0.005548667	-1.208969	
BROC	832392	840084	-0.004599169	-0.004599169	0.005293144	-0.8688918	
BROC	873741	837420	0.02122594	0.02122594	0.005339019	3.975625	
BROC	866996	819817	0.02796931	0.02796931	0.005387067	5.191937	
BROC	868780	831085	0.02217529	0.02217529	0.005233926	4.236837	
BROC	819707	821704	-0.001216636	-0.001216636	0.005403592	-0.2251532	
BROC	822934	842932	-0.01200457	-0.01200457	0.00537489	-2.233454	
BROC	832796	831231	0.0009404895	0.0009404895	0.005338813	0.1761608	
BROC	834724	832942	0.001068559	0.001068559	0.005376691	0.1987392	
BROC	825238	841419	-0.009708656	-0.009708656	0.005269409	-1.842457	
BROC	833292	845797	-0.007447491	-0.007447491	0.005279856	-1.410548	
BROC	877690	846369	0.01816701	0.01816701	0.005279653	3.440948	
BROC	868597	825080	0.0256938	0.0256938	0.005280185	4.86608	
BROC	872894	840068	0.0191633	0.0191633	0.005206184	3.680872	
BROC	821749	828792	-0.004267086	-0.004267086	0.005279866	-0.8081807	
BROC	823580	850007	-0.01579063	-0.01579063	0.005291351	-2.984235	
BROC	838490	843209	-0.002806091	-0.002806091	0.005410544	-0.5186338	
BROC	836807	841385	-0.002727936	-0.002727936	0.005371035	-0.5078976	
BROC	829358	832164	-0.001688813	-0.001688813	0.005293468	-0.3190371	
BROC	842233	840375	0.001104238	0.001104238	0.005345077	0.2065898	
BROC	878960	833791	0.02637219	0.02637219	0.005198969	5.072581	
BROC	871361	815156	0.03332608	0.03332608	0.005152967	6.467358	
BROC	875653	829091	0.02731319	0.02731319	0.00511085	5.344158	
BROC	827658	820823	0.004146241	0.004146241	0.005255042	0.7890025	
BROC	828611	840854	-0.007333487	-0.007333487	0.005299656	-1.383767	
BROC	841251	831661	0.005732519	0.005732519	0.005289102	1.083836	
BROC	840839	830865	0.005966367	0.005966367	0.005262378	1.133778	
BROC	840063	842524	-0.001462629	-0.001462629	0.005792793	-0.2524911	
BROC	847792	846654	0.0006716059	0.0006716059	0.005623824	0.1194216	
BROC	885457	840956	0.02577657	0.02577657	0.005499136	4.687385	
BROC	877680	821020	0.03335492	0.03335492	0.005518158	6.044574	
BROC	879790	832716	0.02748837	0.02748837	0.005410654	5.080416	
BROC	830707	823384	0.004427205	0.004427205	0.005501645	0.8047057	
BROC	834413	846311	-0.007079092	-0.007079092	0.00558131	-1.268357	
BROC	847148	837546	0.005699551	0.005699551	0.005609463	1.01606	
BROC	846105	836128	0.005930807	0.005930807	0.005521823	1.074067	
BROC	832177	832651	-0.0002847141	-0.0002847141	0.005720363	-0.04977204	
BROC	841452	837467	0.002373551	0.002373551	0.005598017	0.4239986	
BROC	876651	829371	0.02771359	0.02771359	0.005443166	5.091447	
BROC	869894	811497	0.03473136	0.03473136	0.005508775	6.304734	
BROC	871041	821420	0.02931884	0.02931884	0.005349641	5.480526	
BROC	826487	817188	0.005657444	0.005657444	0.005421307	1.043557	
BROC	828265	837049	-0.005274681	-0.005274681	0.005507697	-0.9576926	
BROC	844353	831910	0.00742306	0.00742306	0.005617244	1.321477	
BROC	837309	824176	0.007904375	0.007904375	0.005390174	1.466441	
