CWLH	747588	893643	-0.08899113	-0.08899113	0.005978887	-14.88423	
CWLH	751001	901394	-0.09101516	-0.09101516	0.006055822	-15.02937	
CWLH	744401	898155	-0.09360655	-0.09360655	0.006126285	-15.2795	
CWLH	745301	901676	-0.09494668	-0.09494668	0.005758894	-16.48696	
CWLH	745231	900414	-0.0942992	-0.0942992	0.0056872	-16.58095	
CWLH	742269	887625	-0.08918126	-0.08918126	0.005871644	-15.18846	
CWLH	741770	899905	-0.0963254	-0.0963254	0.005843195	-16.48506	
CWLH	739177	905614	-0.1011904	-0.1011904	0.005947574	-17.01372	
CWLH	744037	899914	-0.09481852	-0.09481852	0.005879845	-16.12602	
CWLH	759250	893891	-0.08144556	-0.08144556	0.005959013	-13.66763	
CWLH	763469	902264	-0.08332368	-0.08332368	0.006075803	-13.71402	
CWLH	758208	900242	-0.08564262	-0.08564262	0.006167694	-13.88568	
CWLH	757834	902585	-0.08717739	-0.08717739	0.00580854	-15.00849	
CWLH	756616	899920	-0.08650823	-0.08650823	0.005697673	-15.18308	
CWLH	756355	889849	-0.08109202	-0.08109202	0.005895958	-13.75383	
CWLH	751183	898162	-0.08911356	-0.08911356	0.005817773	-15.31747	
CWLH	751209	906752	-0.09381584	-0.09381584	0.005917642	-15.85358	
CWLH	758853	903162	-0.08682774	-0.08682774	0.005877243	-14.77355	
CWLH	755196	918832	-0.09774986	-0.09774986	0.005610969	-17.42121	
CWLH	756834	924712	-0.09983551	-0.09983551	0.005725093	-17.43823	
CWLH	754676	925787	-0.1018237	-0.1018237	0.00585377	-17.39455	
CWLH	749650	923406	-0.1038555	-0.1038555	0.005314577	-19.54162	
CWLH	751186	923448	-0.1028655	-0.1028655	0.005260576	-19.55403	
CWLH	754453	916890	-0.09718951	-0.09718951	0.00561575	-17.30659	
CWLH	749993	926119	-0.1050801	-0.1050801	0.005640702	-18.6289	
CWLH	744779	929176	-0.1101565	-0.1101565	0.005607748	-19.64362	
CWLH	754805	927761	-0.102793	-0.102793	0.005638014	-18.23213	
CWLH	738754	913094	-0.1055424	-0.1055424	0.005693472	-18.53744	
CWLH	739516	917576	-0.1074533	-0.1074533	0.005754282	-18.67362	
CWLH	738870	920675	-0.1095511	-0.1095511	0.005866604	-18.67368	
CWLH	731789	916002	-0.1117939	-0.1117939	0.005337145	-20.94639	
CWLH	733138	915941	-0.1108516	-0.1108516	0.005308136	-20.88333	
CWLH	738051	911866	-0.1053477	-0.1053477	0.005606186	-18.79133	
CWLH	732510	919164	-0.113009	-0.113009	0.005632439	-20.06395	
CWLH	728790	923491	-0.1178377	-0.1178377	0.005699301	-20.67582	
CWLH	736346	920269	-0.1110234	-0.1110234	0.005501188	-20.18171	
CWLH	757769	911743	-0.09222695	-0.09222695	0.005630616	-16.37955	
CWLH	757482	915717	-0.09457034	-0.09457034	0.005692754	-16.61241	
CWLH	759248	920672	-0.09609029	-0.09609029	0.005966208	-16.10576	
CWLH	752489	916620	-0.0983345	-0.0983345	0.005357107	-18.3559	
CWLH	753137	915882	-0.09750938	-0.09750938	0.005321981	-18.32201	
CWLH	755519	908547	-0.09196029	-0.09196029	0.005685404	-16.1748	
CWLH	752494	918957	-0.09959191	-0.09959191	0.005655629	-17.60934	
CWLH	746684	921138	-0.1045999	-0.1045999	0.005671874	-18.44186	
CWLH	757942	921405	-0.09733724	-0.09733724	0.005678639	-17.14095	
CWLH	746976	883180	-0.08355274	-0.08355274	0.00601271	-13.89602	
CWLH	748845	889071	-0.08561245	-0.08561245	0.006102805	-14.02838	
CWLH	746762	890267	-0.08766186	-0.08766186	0.006227048	-14.0776	
CWLH	743112	889733	-0.08979481	-0.08979481	0.005825878	-15.41309	
CWLH	743236	888527	-0.08903928	-0.08903928	0.005709892	-15.59386	
CWLH	744413	879547	-0.08321264	-0.08321264	0.005939334	-14.01043	
CWLH	740842	889341	-0.09109345	-0.09109345	0.005970577	-15.25706	
CWLH	738745	895183	-0.09574351	-0.09574351	0.00603815	-15.85643	
CWLH	748166	893531	-0.08854557	-0.08854557	0.006028578	-14.68764	
CWLH	809714	849393	-0.02391588	-0.02391588	0.006465031	-3.699267	
CWLH	811464	855617	-0.02648522	-0.02648522	0.006607136	-4.008578	
CWLH	808497	855953	-0.02851152	-0.02851152	0.00667885	-4.268927	
CWLH	802856	853017	-0.03029278	-0.03029278	0.00620181	-4.884507	
CWLH	804162	852887	-0.02940468	-0.02940468	0.00618259	-4.756046	
CWLH	811188	849587	-0.02312113	-0.02312113	0.006525553	-3.543168	
CWLH	801295	853610	-0.03161209	-0.03161209	0.006399637	-4.939669	
CWLH	799779	860141	-0.0363644	-0.0363644	0.006549017	-5.55265	
CWLH	806070	854865	-0.02937803	-0.02937803	0.006434896	-4.565425	
CWLH	746458	893723	-0.08978582	-0.08978582	0.005909192	-15.19426	
CWLH	751330	902781	-0.09156036	-0.09156036	0.006126962	-14.94384	
CWLH	747663	902845	-0.09402075	-0.09402075	0.006180298	-15.21298	
CWLH	744298	901798	-0.09568093	-0.09568093	0.005746683	-16.64977	
CWLH	744738	900995	-0.09494675	-0.09494675	0.005684228	-16.70354	
CWLH	746128	892375	-0.08925647	-0.08925647	0.005979297	-14.92759	
CWLH	740396	900562	-0.09760518	-0.09760518	0.005852471	-16.6776	
CWLH	739716	907551	-0.1018869	-0.1018869	0.005950659	-17.12196	
CWLH	747091	903578	-0.09480217	-0.09480217	0.005953285	-15.92434	
CWLH	751608	898431	-0.08898153	-0.08898153	0.00600091	-14.82801	
CWLH	750523	901620	-0.09145516	-0.09145516	0.0060525	-15.11031	
CWLH	748355	902544	-0.09339699	-0.09339699	0.006162409	-15.15592	
CWLH	744748	901911	-0.09544356	-0.09544356	0.005680917	-16.80073	
CWLH	747165	903012	-0.0944426	-0.0944426	0.005698582	-16.573	
CWLH	749832	895164	-0.08834794	-0.08834794	0.006025188	-14.6631	
CWLH	745260	904489	-0.09651711	-0.09651711	0.005988092	-16.11817	
CWLH	740319	907383	-0.1013921	-0.1013921	0.005986602	-16.93651	
CWLH	750499	906449	-0.09411883	-0.09411883	0.005989995	-15.71267	
CWLH	742858	897392	-0.09421369	-0.09421369	0.005907528	-15.94807	
CWLH	747864	901153	-0.0929578	-0.0929578	0.006022365	-15.43543	
CWLH	742656	894108	-0.09253136	-0.09253136	0.005967584	-15.50567	
CWLH	742767	901672	-0.09663174	-0.09663174	0.005687984	-16.98875	
CWLH	741744	902088	-0.09754281	-0.09754281	0.005601613	-17.41334	
CWLH	740405	885005	-0.08896217	-0.08896217	0.005788637	-15.36841	
CWLH	738673	902106	-0.09960695	-0.09960695	0.005822572	-17.10704	
CWLH	738865	901040	-0.09889292	-0.09889292	0.005939463	-16.65015	
CWLH	741744	898187	-0.09539609	-0.09539609	0.0058377	-16.34138	
CWLH	754649	899433	-0.08753133	-0.08753133	0.005899096	-14.83809	
CWLH	760121	903416	-0.08613875	-0.08613875	0.006081742	-14.1635	
CWLH	755653	897011	-0.08553342	-0.08553342	0.006011834	-14.22751	
CWLH	754865	903556	-0.08965817	-0.08965817	0.005756111	-15.57617	
CWLH	752756	902817	-0.09063992	-0.09063992	0.005653306	-16.03308	
CWLH	754010	888694	-0.08198921	-0.08198921	0.005830419	-14.06232	
CWLH	747482	901411	-0.09335293	-0.09335293	0.005820253	-16.03933	
CWLH	750669	903327	-0.09229647	-0.09229647	0.005950335	-15.51114	
CWLH	755952	902335	-0.08827362	-0.08827362	0.0058742	-15.02734	
CWLH	750279	922816	-0.1031244	-0.1031244	0.005582684	-18.4722	
CWLH	754349	925698	-0.1019906	-0.1019906	0.005756163	-17.7185	
CWLH	753129	922513	-0.101086	-0.101086	0.005701749	-17.72895	
CWLH	747371	923952	-0.1056534	-0.1056534	0.005259205	-20.08924	
CWLH	748063	926058	-0.1063215	-0.1063215	0.005247262	-20.26228	
CWLH	753935	916278	-0.09719898	-0.09719898	0.005594705	-17.37339	
CWLH	746532	928272	-0.1085142	-0.1085142	0.005621258	-19.30425	
CWLH	744813	925200	-0.1080153	-0.1080153	0.005667931	-19.05728	
CWLH	752814	927072	-0.103732	-0.103732	0.005633325	-18.414	
CWLH	736577	915678	-0.1083979	-0.1083979	0.005716479	-18.96236	
CWLH	739768	917292	-0.1071319	-0.1071319	0.005818663	-18.41177	
CWLH	739521	915718	-0.1064481	-0.1064481	0.005722838	-18.60057	
CWLH	732005	915178	-0.1112038	-0.1112038	0.005320428	-20.90129	
CWLH	732902	917407	-0.1118003	-0.1118003	0.005290842	-21.13091	
CWLH	739018	908640	-0.1029473	-0.1029473	0.005570566	-18.48059	
CWLH	731608	919865	-0.1139934	-0.1139934	0.005635475	-20.22782	
CWLH	731691	918641	-0.1132802	-0.1132802	0.005736638	-19.7468	
CWLH	737092	918364	-0.1094997	-0.1094997	0.005529951	-19.80121	
CWLH	753036	916694	-0.09801465	-0.09801465	0.005615824	-17.4533	
CWLH	754065	916526	-0.09724762	-0.09724762	0.005720108	-17.00101	
CWLH	758149	918514	-0.09564534	-0.09564534	0.00582153	-16.42959	
CWLH	749273	917181	-0.1007577	-0.1007577	0.005322464	-18.93064	
CWLH	749573	918821	-0.1014437	-0.1014437	0.005288138	-19.18325	
CWLH	754264	907915	-0.0924395	-0.0924395	0.00561668	-16.45803	
CWLH	749211	922196	-0.1034966	-0.1034966	0.005635824	-18.36406	
CWLH	747067	918680	-0.1030246	-0.1030246	0.005728783	-17.98369	
CWLH	755510	921279	-0.09886098	-0.09886098	0.005674111	-17.42317	
CWLH	740096	888298	-0.09101114	-0.09101114	0.005961345	-15.26688	
CWLH	744373	891119	-0.08972591	-0.08972591	0.006086116	-14.74272	
CWLH	743245	887861	-0.08866131	-0.08866131	0.006103919	-14.52531	
CWLH	738854	891424	-0.09358527	-0.09358527	0.005736928	-16.31278	
CWLH	738063	891916	-0.09438956	-0.09438956	0.005632204	-16.7589	
CWLH	740140	878263	-0.08534524	-0.08534524	0.005883258	-14.50646	
CWLH	735776	892930	-0.0964901	-0.0964901	0.005937868	-16.24996	
CWLH	736822	892745	-0.0956837	-0.0956837	0.006092437	-15.70532	
CWLH	743844	893445	-0.09137116	-0.09137116	0.006016971	-15.18557	
CWLH	802502	854937	-0.03163616	-0.03163616	0.006418915	-4.928583	
CWLH	804897	856082	-0.03081616	-0.03081616	0.006534985	-4.715568	
CWLH	803571	852847	-0.02974853	-0.02974853	0.00655158	-4.540665	
CWLH	797183	853969	-0.03439175	-0.03439175	0.006165788	-5.577834	
CWLH	797809	856038	-0.03520821	-0.03520821	0.006130107	-5.743491	
CWLH	806764	849004	-0.02551082	-0.02551082	0.006520767	-3.912243	
CWLH	793771	855339	-0.03733408	-0.03733408	0.006344777	-5.884222	
CWLH	797083	857447	-0.03648408	-0.03648408	0.006594361	-5.532618	
CWLH	801119	855182	-0.03264081	-0.03264081	0.006439253	-5.069036	
CWLH	740412	898547	-0.09648502	-0.09648502	0.005880056	-16.40886	
CWLH	747249	904019	-0.09493916	-0.09493916	0.006131349	-15.48422	
CWLH	744455	899451	-0.0942852	-0.0942852	0.006035522	-15.62171	
CWLH	739864	902182	-0.09885107	-0.09885107	0.005669534	-17.43548	
CWLH	739947	903737	-0.09964811	-0.09964811	0.005634193	-17.68631	
CWLH	743296	891200	-0.09048906	-0.09048906	0.005901446	-15.33337	
CWLH	735293	902853	-0.1022864	-0.1022864	0.005798057	-17.64149	
CWLH	738207	904020	-0.1009684	-0.1009684	0.005958579	-16.94504	
CWLH	743822	903756	-0.09707219	-0.09707219	0.005945997	-16.32564	
CWLH	745108	902952	-0.09577564	-0.09577564	0.005976879	-16.02436	
CWLH	745879	902224	-0.09486361	-0.09486361	0.006025561	-15.74353	
CWLH	744757	898960	-0.09381359	-0.09381359	0.006025196	-15.57021	
CWLH	740242	902224	-0.09862122	-0.09862122	0.00561495	-17.56404	
CWLH	741862	905364	-0.099259	-0.099259	0.005638938	-17.60243	
CWLH	745928	893283	-0.08989386	-0.08989386	0.005939077	-15.136	
CWLH	739269	906010	-0.1013451	-0.1013451	0.005925924	-17.10199	
CWLH	738279	903465	-0.1006162	-0.1006162	0.005991554	-16.793	
CWLH	746981	906231	-0.09632763	-0.09632763	0.005980155	-16.10788	
CWLH	748086	891020	-0.08720241	-0.08720241	0.005846335	-14.91574	
CWLH	749040	898295	-0.09060391	-0.09060391	0.006011086	-15.0728	
CWLH	744084	892890	-0.09090309	-0.09090309	0.006084063	-14.94118	
CWLH	746497	896759	-0.09144163	-0.09144163	0.005718129	-15.99153	
CWLH	745191	896815	-0.09234071	-0.09234071	0.005599421	-16.49112	
CWLH	742185	883356	-0.08684555	-0.08684555	0.005756618	-15.08621	
CWLH	742123	898332	-0.09522297	-0.09522297	0.005794977	-16.43199	
CWLH	740967	899773	-0.09678925	-0.09678925	0.005873846	-16.478	
CWLH	745429	895727	-0.09158057	-0.09158057	0.00583187	-15.70347	
CWLH	759864	891106	-0.07949387	-0.07949387	0.005880955	-13.51717	
CWLH	761845	899608	-0.08291718	-0.08291718	0.006072649	-13.6542	
CWLH	757192	894408	-0.08308065	-0.08308065	0.006063122	-13.70262	
CWLH	758819	897408	-0.08367754	-0.08367754	0.005761487	-14.5236	
CWLH	756714	896302	-0.08444443	-0.08444443	0.005634241	-14.98772	
CWLH	755571	884972	-0.07887693	-0.07887693	0.005803058	-13.5923	
CWLH	750800	895653	-0.08797882	-0.08797882	0.00578186	-15.21635	
CWLH	752436	900059	-0.0893334	-0.0893334	0.005942913	-15.03192	
CWLH	759465	898005	-0.08358522	-0.08358522	0.005872492	-14.23335	
CWLH	752325	916557	-0.0984084	-0.0984084	0.00548014	-17.95728	
CWLH	752269	923013	-0.1019196	-0.1019196	0.005676939	-17.95326	
CWLH	751506	921644	-0.1016872	-0.1016872	0.005776485	-17.60365	
CWLH	747476	918994	-0.1029229	-0.1029229	0.005242054	-19.63409	
CWLH	748117	920591	-0.1033578	-0.1033578	0.005141042	-20.10445	
CWLH	751812	913983	-0.09735352	-0.09735352	0.005493975	-17.72005	
CWLH	746846	924820	-0.106465	-0.106465	0.005597563	-19.01989	
CWLH	743003	923506	-0.108312	-0.108312	0.00556401	-19.46654	
CWLH	752690	923888	-0.1021116	-0.1021116	0.005624407	-18.15508	
CWLH	739366	909936	-0.1034195	-0.1034195	0.005606578	-18.4461	
CWLH	739030	915672	-0.1067515	-0.1067515	0.005788456	-18.44215	
CWLH	739146	915872	-0.1067819	-0.1067819	0.005846559	-18.26406	
CWLH	733714	911370	-0.1079921	-0.1079921	0.005342415	-20.21409	
CWLH	733964	912856	-0.1086288	-0.1086288	0.005248122	-20.69859	
CWLH	737956	907191	-0.1028692	-0.1028692	0.005500193	-18.70284	
CWLH	732054	916076	-0.111655	-0.111655	0.005616662	-19.87925	
CWLH	730302	917089	-0.1133835	-0.1133835	0.005689193	-19.92963	
CWLH	738039	916032	-0.107609	-0.107609	0.005537115	-19.43414	
CWLH	754954	909812	-0.09302088	-0.09302088	0.005483692	-16.96319	
CWLH	753060	914227	-0.09666422	-0.09666422	0.005655814	-17.09112	
CWLH	756770	917360	-0.09592445	-0.09592445	0.005874859	-16.32796	
CWLH	750083	912249	-0.09755332	-0.09755332	0.005255869	-18.56084	
CWLH	750230	913438	-0.0981013	-0.0981013	0.005176729	-18.95044	
CWLH	752476	905250	-0.09215878	-0.09215878	0.005540906	-16.63244	
CWLH	748995	917564	-0.1011479	-0.1011479	0.005571862	-18.15335	
CWLH	745078	916036	-0.1029177	-0.1029177	0.005626766	-18.29073	
CWLH	755620	917640	-0.09682894	-0.09682894	0.005622039	-17.2231	
CWLH	746086	879719	-0.08219497	-0.08219497	0.005858501	-14.03004	
CWLH	747550	887593	-0.08564572	-0.08564572	0.006101637	-14.03652	
CWLH	746846	886181	-0.08532315	-0.08532315	0.00620186	-13.75767	
CWLH	743994	885285	-0.08671995	-0.08671995	0.005726662	-15.14319	
CWLH	742711	884989	-0.08741046	-0.08741046	0.005583126	-15.65619	
CWLH	743550	875417	-0.08145132	-0.08145132	0.00584377	-13.93815	
CWLH	740473	887616	-0.09037774	-0.09037774	0.005931311	-15.2374	
CWLH	740034	889770	-0.09187362	-0.09187362	0.006068859	-15.13853	
CWLH	748471	889096	-0.08587435	-0.08587435	0.005991779	-14.33203	
CWLH	810456	844410	-0.02051767	-0.02051767	0.006244751	-3.285587	
CWLH	811298	851789	-0.02434689	-0.02434689	0.006525764	-3.730888	
CWLH	810069	850183	-0.02416139	-0.02416139	0.006667117	-3.623964	
CWLH	805753	847251	-0.0251046	-0.0251046	0.006098774	-4.116335	
CWLH	806138	848632	-0.0256797	-0.0256797	0.006031185	-4.25782	
CWLH	812480	844401	-0.01926572	-0.01926572	0.006463532	-2.980679	
CWLH	801456	849336	-0.02900426	-0.02900426	0.006275387	-4.621908	
CWLH	802851	852919	-0.0302385	-0.0302385	0.006447089	-4.690256	
CWLH	809031	849905	-0.02463868	-0.02463868	0.006393584	-3.853658	
CWLH	746346	890062	-0.08782406	-0.08782406	0.005801656	-15.13776	
CWLH	750644	900657	-0.09084534	-0.09084534	0.006149257	-14.77338	
CWLH	747906	898126	-0.0912619	-0.0912619	0.006120562	-14.91071	
CWLH	746076	897170	-0.0919485	-0.0919485	0.005727726	-16.05323	
CWLH	745517	897615	-0.0925659	-0.0925659	0.005614764	-16.48616	
CWLH	746394	888324	-0.08682231	-0.08682231	0.005926469	-14.64992	
CWLH	739033	896885	-0.09649139	-0.09649139	0.005800759	-16.63427	
CWLH	741908	901817	-0.09728452	-0.09728452	0.005920466	-16.4319	
CWLH	748339	899181	-0.09155701	-0.09155701	0.005988066	-15.28991	
CWLH	751318	894339	-0.08690815	-0.08690815	0.005873575	-14.79646	
CWLH	750647	899877	-0.09041371	-0.09041371	0.005998844	-15.07186	
CWLH	748726	897719	-0.09049376	-0.09049376	0.006136052	-14.74788	
CWLH	746717	896938	-0.09139448	-0.09139448	0.005646336	-16.18651	
CWLH	748605	899947	-0.09180299	-0.09180299	0.005623907	-16.3237	
CWLH	749460	890054	-0.08575346	-0.08575346	0.005953952	-14.40278	
CWLH	744000	900535	-0.09518496	-0.09518496	0.005894307	-16.14863	
CWLH	742803	901390	-0.09645279	-0.09645279	0.005921094	-16.28969	
CWLH	751876	901581	-0.09054061	-0.09054061	0.005939406	-15.24405	
CWLH	745647	904491	-0.09626104	-0.09626104	0.006078316	-15.83679	
CWLH	752549	902266	-0.09047356	-0.09047356	0.006184312	-14.62953	
CWLH	751029	884856	-0.0818071	-0.0818071	0.006054395	-13.51202	
CWLH	750981	896550	-0.08835585	-0.08835585	0.005829152	-15.15758	
CWLH	748907	898546	-0.09083051	-0.09083051	0.005675166	-16.00491	
CWLH	746241	885991	-0.08561896	-0.08561896	0.006038191	-14.17957	
CWLH	745320	895285	-0.09140835	-0.09140835	0.005808774	-15.73625	
CWLH	747694	891970	-0.0879912	-0.0879912	0.005888925	-14.94181	
CWLH	743567	896707	-0.09336245	-0.09336245	0.005928804	-15.74727	
CWLH	754857	904763	-0.0903255	-0.0903255	0.00607322	-14.87275	
CWLH	763048	903846	-0.08446728	-0.08446728	0.006106244	-13.83294	
CWLH	762325	886948	-0.07556238	-0.07556238	0.005968762	-12.65964	
CWLH	761304	897796	-0.0822687	-0.0822687	0.00578753	-14.21482	
CWLH	757461	897607	-0.08467688	-0.08467688	0.005620225	-15.06646	
CWLH	756984	887159	-0.07917499	-0.07917499	0.005917727	-13.37929	
CWLH	752739	894092	-0.08583334	-0.08583334	0.005823273	-14.73971	
CWLH	756710	892245	-0.08219448	-0.08219448	0.005805901	-14.15706	
CWLH	756108	899929	-0.08684649	-0.08684649	0.005880227	-14.76924	
CWLH	748149	934428	-0.1107105	-0.1107105	0.005780134	-19.15363	
CWLH	750865	928075	-0.1055487	-0.1055487	0.005818114	-18.1414	
CWLH	756567	917441	-0.09610109	-0.09610109	0.005763651	-16.67365	
CWLH	748466	921485	-0.1036072	-0.1036072	0.005352397	-19.35716	
CWLH	747814	924377	-0.1055878	-0.1055878	0.005189194	-20.34763	
CWLH	750672	917264	-0.09987913	-0.09987913	0.005675943	-17.59692	
CWLH	746777	924588	-0.1063867	-0.1063867	0.005602901	-18.98779	
CWLH	746294	918214	-0.1032858	-0.1032858	0.005526333	-18.68975	
CWLH	749685	929776	-0.1072314	-0.1072314	0.005713284	-18.76879	
CWLH	738564	922950	-0.1109747	-0.1109747	0.005979141	-18.56031	
CWLH	742968	917746	-0.1052427	-0.1052427	0.006011056	-17.50818	
CWLH	749024	908648	-0.09629408	-0.09629408	0.005913488	-16.2838	
CWLH	739355	910386	-0.1036714	-0.1036714	0.005574485	-18.59749	
CWLH	738934	913761	-0.105783	-0.105783	0.005419698	-19.51824	
CWLH	742278	907768	-0.1002942	-0.1002942	0.005848262	-17.1494	
CWLH	737863	913509	-0.1063637	-0.1063637	0.00573639	-18.54192	
CWLH	738535	909457	-0.1037153	-0.1037153	0.005695563	-18.20984	
CWLH	738975	917696	-0.1078796	-0.1078796	0.005715733	-18.87415	
CWLH	748634	925639	-0.1057205	-0.1057205	0.005768088	-18.32852	
CWLH	751601	919598	-0.1005248	-0.1005248	0.00576532	-17.43612	
CWLH	761047	912938	-0.09073618	-0.09073618	0.005813121	-15.60886	
CWLH	750418	914152	-0.09836414	-0.09836414	0.005383319	-18.27203	
CWLH	749285	916733	-0.1005079	-0.1005079	0.005233906	-19.20323	
CWLH	752205	909229	-0.09451113	-0.09451113	0.00575064	-16.43489	
CWLH	749639	918189	-0.1010596	-0.1010596	0.005637645	-17.92585	
CWLH	748501	910964	-0.09790083	-0.09790083	0.005616071	-17.43226	
CWLH	751035	921997	-0.1021869	-0.1021869	0.005645312	-18.1012	
CWLH	744244	890913	-0.0896972	-0.0896972	0.006139265	-14.61041	
CWLH	752680	889992	-0.08359064	-0.08359064	0.006332439	-13.20039	
CWLH	755598	876868	-0.07428639	-0.07428639	0.006237649	-11.90936	
CWLH	749543	883342	-0.08194025	-0.08194025	0.005967181	-13.73182	
CWLH	747837	885410	-0.08423282	-0.08423282	0.005740898	-14.67241	
CWLH	749113	876334	-0.07826832	-0.07826832	0.00619163	-12.64099	
CWLH	746410	884317	-0.0845678	-0.0845678	0.006103718	-13.85513	
CWLH	746842	878840	-0.08119546	-0.08119546	0.00596831	-13.60443	
CWLH	750916	891486	-0.08558806	-0.08558806	0.006211115	-13.77982	
CWLH	817433	850930	-0.02007776	-0.02007776	0.006699319	-2.996986	
CWLH	822995	847336	-0.01457256	-0.01457256	0.006730225	-2.165241	
CWLH	827843	836404	-0.005144068	-0.005144068	0.006744111	-0.7627496	
CWLH	821272	841778	-0.01233036	-0.01233036	0.006502058	-1.896378	
CWLH	819383	843455	-0.01447646	-0.01447646	0.006367204	-2.273597	
CWLH	825184	838759	-0.008158332	-0.008158332	0.006776399	-1.203933	
CWLH	816453	841451	-0.01507807	-0.01507807	0.006568703	-2.295442	
CWLH	819347	838128	-0.01133109	-0.01133109	0.006523187	-1.737048	
CWLH	819054	846251	-0.01633154	-0.01633154	0.006642522	-2.458636	
CWLH	749208	904375	-0.09383684	-0.09383684	0.006204817	-15.12322	
CWLH	755744	901767	-0.08809776	-0.08809776	0.006241999	-14.11371	
CWLH	757342	887489	-0.07912485	-0.07912485	0.00610993	-12.95021	
CWLH	754005	896013	-0.08606452	-0.08606452	0.005972581	-14.40994	
CWLH	751204	896818	-0.08835683	-0.08835683	0.00576498	-15.32648	
CWLH	752214	887444	-0.08247452	-0.08247452	0.006132853	-13.44799	
CWLH	747863	894734	-0.0894139	-0.0894139	0.00600091	-14.90006	
CWLH	751145	891577	-0.08548738	-0.08548738	0.005934284	-14.40568	
CWLH	751736	900401	-0.08998346	-0.08998346	0.006088215	-14.77994	
CWLH	747688	909530	-0.09765885	-0.09765885	0.006158174	-15.85841	
CWLH	750492	902962	-0.09221303	-0.09221303	0.006155919	-14.97957	
CWLH	754159	890342	-0.08281114	-0.08281114	0.006075879	-13.62949	
CWLH	748585	897259	-0.09033298	-0.09033298	0.005701586	-15.84348	
CWLH	749027	901328	-0.09228378	-0.09228378	0.005655927	-16.3163	
CWLH	750001	891670	-0.08629561	-0.08629561	0.006094579	-14.1594	
CWLH	747268	900149	-0.09280043	-0.09280043	0.005965487	-15.55622	
CWLH	746727	893680	-0.08958326	-0.08958326	0.0058831	-15.22722	
CWLH	750023	905372	-0.09384407	-0.09384407	0.006092365	-15.40355	
CWLH	748076	901051	-0.0927612	-0.0927612	0.006070307	-15.28114	
CWLH	752599	903026	-0.09085814	-0.09085814	0.0061404	-14.79678	
CWLH	749927	891186	-0.08607512	-0.08607512	0.00612541	-14.05214	
CWLH	753746	897785	-0.08721544	-0.08721544	0.005906237	-14.76667	
CWLH	750372	899804	-0.09055519	-0.09055519	0.005694629	-15.90186	
CWLH	746869	889383	-0.08709783	-0.08709783	0.006106924	-14.26214	
CWLH	748998	894442	-0.08849973	-0.08849973	0.005879317	-15.05272	
CWLH	750322	891687	-0.08609271	-0.08609271	0.00589695	-14.59953	
CWLH	746081	898234	-0.09253276	-0.09253276	0.005947301	-15.55878	
CWLH	759859	899162	-0.08396699	-0.08396699	0.006014609	-13.96051	
CWLH	766534	903512	-0.0820205	-0.0820205	0.006099642	-13.44677	
CWLH	763664	890979	-0.07694409	-0.07694409	0.006028538	-12.76331	
CWLH	766301	896504	-0.07830323	-0.07830323	0.005794652	-13.51302	
CWLH	761472	896770	-0.08159123	-0.08159123	0.005583602	-14.61265	
CWLH	761462	889480	-0.0775424	-0.0775424	0.005980352	-12.96619	
CWLH	758626	890768	-0.08011548	-0.08011548	0.005865476	-13.65882	
CWLH	762348	890432	-0.0774961	-0.0774961	0.005812974	-13.33157	
CWLH	761205	899108	-0.08305844	-0.08305844	0.005901272	-14.07467	
CWLH	753374	928480	-0.1041149	-0.1041149	0.005808089	-17.92584	
CWLH	754583	927573	-0.1028383	-0.1028383	0.005856711	-17.55905	
CWLH	757886	921331	-0.09733406	-0.09733406	0.00583923	-16.66899	
CWLH	753742	919968	-0.09931589	-0.09931589	0.005444569	-18.24128	
CWLH	752388	923694	-0.1022062	-0.1022062	0.005273878	-19.37971	
CWLH	754506	918256	-0.09789199	-0.09789199	0.00572851	-17.08856	
CWLH	753098	921228	-0.1004165	-0.1004165	0.005697462	-17.62478	
CWLH	751403	915364	-0.09837068	-0.09837068	0.005583462	-17.61822	
CWLH	754962	928579	-0.1031261	-0.1031261	0.005755418	-17.91809	
CWLH	743495	918447	-0.1052696	-0.1052696	0.005978749	-17.6073	
CWLH	746352	918597	-0.1034536	-0.1034536	0.006013038	-17.20488	
CWLH	749410	913150	-0.09848667	-0.09848667	0.00597848	-16.47353	
CWLH	744122	910435	-0.1005181	-0.1005181	0.005614147	-17.90444	
CWLH	742400	913751	-0.1034634	-0.1034634	0.005433853	-19.04052	
CWLH	746149	910973	-0.09946401	-0.09946401	0.005926098	-16.78407	
CWLH	743910	911845	-0.101425	-0.101425	0.005828216	-17.40242	
CWLH	743716	908024	-0.0994757	-0.0994757	0.005723551	-17.38007	
CWLH	743179	917300	-0.1048619	-0.1048619	0.005709715	-18.36552	
CWLH	752206	920935	-0.1008457	-0.1008457	0.005754778	-17.52381	
CWLH	753593	920161	-0.09951761	-0.09951761	0.005749067	-17.31022	
CWLH	760416	917407	-0.09356827	-0.09356827	0.005837106	-16.02991	
CWLH	753306	913030	-0.09585342	-0.09585342	0.005412878	-17.7084	
CWLH	752507	917422	-0.0987557	-0.0987557	0.005253566	-18.79784	
CWLH	753787	911060	-0.09446694	-0.09446694	0.005772318	-16.36551	
CWLH	754032	915629	-0.09678432	-0.09678432	0.005674395	-17.05632	
CWLH	751451	908395	-0.09455335	-0.09455335	0.005592389	-16.90751	
CWLH	753774	920946	-0.09982087	-0.09982087	0.005649161	-17.67003	
CWLH	745076	891090	-0.08924156	-0.08924156	0.006164743	-14.47612	
CWLH	749763	893294	-0.08735607	-0.08735607	0.006244976	-13.98821	
CWLH	750723	884985	-0.08208189	-0.08208189	0.0061912	-13.25783	
CWLH	748468	886153	-0.08423053	-0.08423053	0.005949762	-14.15696	
CWLH	745904	888855	-0.08744469	-0.08744469	0.005756465	-15.19069	
CWLH	746761	882093	-0.08308418	-0.08308418	0.006186117	-13.43075	
CWLH	746414	885359	-0.08514971	-0.08514971	0.006065325	-14.03877	
CWLH	747132	881695	-0.08261344	-0.08261344	0.006028084	-13.70476	
CWLH	748981	893654	-0.08807374	-0.08807374	0.006165119	-14.28581	
CWLH	819829	849995	-0.01806538	-0.01806538	0.006661573	-2.711879	
CWLH	822086	849864	-0.01661413	-0.01661413	0.006684584	-2.48544	
CWLH	824194	842687	-0.01109437	-0.01109437	0.006705506	-1.654517	
CWLH	821928	843509	-0.01295816	-0.01295816	0.006461157	-2.005548	
CWLH	819561	846221	-0.0160045	-0.0160045	0.006360834	-2.5161	
CWLH	824393	843212	-0.01128505	-0.01128505	0.006782773	-1.663781	
CWLH	818447	841407	-0.01383254	-0.01383254	0.006501022	-2.127749	
CWLH	820433	838811	-0.01107613	-0.01107613	0.006483784	-1.708281	
CWLH	818710	847118	-0.01705338	-0.01705338	0.006552606	-2.602534	
CWLH	754588	900473	-0.08814479	-0.08814479	0.006238397	-14.1294	
CWLH	758305	901643	-0.0863509	-0.0863509	0.006291002	-13.7261	
CWLH	759049	892943	-0.08105003	-0.08105003	0.006303085	-12.85879	
CWLH	758645	895400	-0.08267913	-0.08267913	0.006118282	-13.51346	
CWLH	755030	896863	-0.08586089	-0.08586089	0.005889637	-14.5783	
CWLH	755977	890110	-0.08148597	-0.08148597	0.006320872	-12.89157	
CWLH	753729	892612	-0.08435859	-0.08435859	0.006119301	-13.78566	
CWLH	756242	890254	-0.08139224	-0.08139224	0.006066113	-13.41753	
CWLH	756070	900078	-0.08695358	-0.08695358	0.006182554	-14.06435	
CWLH	754172	904320	-0.09053285	-0.09053285	0.006107304	-14.8237	
CWLH	755282	902753	-0.08894324	-0.08894324	0.006145941	-14.47187	
CWLH	755611	893292	-0.08349854	-0.08349854	0.006184989	-13.50019	
CWLH	754968	896140	-0.08550137	-0.08550137	0.005781993	-14.78752	
CWLH	754340	900665	-0.08841363	-0.08841363	0.005715151	-15.47004	
CWLH	753614	891869	-0.08402092	-0.08402092	0.006166776	-13.62477	
CWLH	753405	896086	-0.08650002	-0.08650002	0.005984252	-14.45461	
CWLH	752317	890374	-0.08404319	-0.08404319	0.005909773	-14.22105	
CWLH	754943	903072	-0.08934117	-0.08934117	0.006110654	-14.62056	
CWLH	746952	904236	-0.09525505	-0.09525505	0.006078472	-15.67089	
CWLH	753855	901751	-0.08933043	-0.08933043	0.006113001	-14.61319	
CWLH	750205	893560	-0.08721137	-0.08721137	0.006115544	-14.26061	
CWLH	750199	901844	-0.0917924	-0.0917924	0.005906028	-15.54216	
CWLH	749443	900263	-0.09142235	-0.09142235	0.005716967	-15.99141	
CWLH	749192	887133	-0.08429927	-0.08429927	0.006023213	-13.99573	
CWLH	745114	902486	-0.0955159	-0.0955159	0.005879413	-16.24582	
CWLH	749463	895849	-0.08897157	-0.08897157	0.005924092	-15.0186	
CWLH	746165	901267	-0.09414774	-0.09414774	0.005973932	-15.75976	
CWLH	754567	906011	-0.09119957	-0.09119957	0.006054694	-15.06262	
CWLH	763132	905081	-0.08509045	-0.08509045	0.006060581	-14.03998	
CWLH	758637	895589	-0.08278917	-0.08278917	0.006030263	-13.72895	
CWLH	759386	904845	-0.08740313	-0.08740313	0.005857477	-14.92163	
CWLH	757055	901340	-0.08700279	-0.08700279	0.00566415	-15.36026	
CWLH	758291	889706	-0.07974226	-0.07974226	0.005908089	-13.49713	
CWLH	750140	901875	-0.09184844	-0.09184844	0.005854719	-15.68793	
CWLH	756616	897452	-0.08514523	-0.08514523	0.005879443	-14.48185	
CWLH	756455	905210	-0.08952165	-0.08952165	0.005905217	-15.15976	
CWLH	747484	932691	-0.1102308	-0.1102308	0.005695307	-19.35467	
CWLH	751236	927204	-0.1048402	-0.1048402	0.005670438	-18.48891	
CWLH	753266	924030	-0.1018091	-0.1018091	0.005723886	-17.78671	
CWLH	746441	925909	-0.1073149	-0.1073149	0.005288442	-20.29234	
CWLH	747747	925978	-0.1064876	-0.1064876	0.005151179	-20.67247	
CWLH	752297	917294	-0.0988248	-0.0988248	0.005545646	-17.82025	
CWLH	744644	930310	-0.1108484	-0.1108484	0.005606392	-19.77179	
CWLH	746827	921325	-0.1046056	-0.1046056	0.005514915	-18.96776	
CWLH	750679	933030	-0.1083032	-0.1083032	0.005703549	-18.98873	
CWLH	739615	921410	-0.1094475	-0.1094475	0.005896047	-18.56286	
CWLH	744295	916328	-0.1035955	-0.1035955	0.005897817	-17.56505	
CWLH	747498	915443	-0.1009928	-0.1009928	0.005907148	-17.0967	
CWLH	738720	914880	-0.1065312	-0.1065312	0.005533659	-19.2515	
CWLH	739353	914278	-0.1057824	-0.1057824	0.005388326	-19.63177	
CWLH	745880	908535	-0.09831572	-0.09831572	0.005767707	-17.04589	
CWLH	736992	918928	-0.10987	-0.10987	0.005784658	-18.99335	
CWLH	740634	912263	-0.1038353	-0.1038353	0.005727786	-18.12834	
CWLH	741167	920566	-0.107959	-0.107959	0.005716182	-18.88656	
CWLH	751464	922643	-0.1022509	-0.1022509	0.005740665	-17.81169	
CWLH	755014	916902	-0.09682783	-0.09682783	0.005687925	-17.0234	
CWLH	761257	918138	-0.09341519	-0.09341519	0.005827342	-16.0305	
CWLH	751385	916777	-0.09914625	-0.09914625	0.005376847	-18.43948	
CWLH	752860	917130	-0.09836586	-0.09836586	0.005270004	-18.66524	
CWLH	756704	907646	-0.09069126	-0.09069126	0.005646278	-16.06213	
CWLH	750337	921838	-0.1025616	-0.1025616	0.005665513	-18.1028	
CWLH	750869	911084	-0.09640164	-0.09640164	0.005634991	-17.10769	
CWLH	754297	922631	-0.1003824	-0.1003824	0.005690423	-17.64058	
CWLH	744951	893440	-0.09063099	-0.09063099	0.006171539	-14.68531	
CWLH	752040	890772	-0.08444789	-0.08444789	0.006237736	-13.53823	
CWLH	751442	885595	-0.08194867	-0.08194867	0.006185748	-13.24798	
CWLH	746437	889562	-0.08748477	-0.08748477	0.00596025	-14.67804	
CWLH	745903	887925	-0.08692592	-0.08692592	0.005753759	-15.10768	
CWLH	749225	878000	-0.0791378	-0.0791378	0.006105192	-12.96238	
CWLH	743282	891825	-0.09084604	-0.09084604	0.006055284	-15.00277	
CWLH	746437	884063	-0.08440724	-0.08440724	0.006089057	-13.86212	
CWLH	749488	895390	-0.0887008	-0.0887008	0.006164032	-14.39006	
CWLH	822391	851731	-0.0175256	-0.0175256	0.006801501	-2.576726	
CWLH	826203	845804	-0.01172304	-0.01172304	0.006737068	-1.74008	
CWLH	828878	843767	-0.00890147	-0.00890147	0.006843594	-1.300701	
CWLH	822524	846310	-0.01425307	-0.01425307	0.006585372	-2.164352	
CWLH	822789	845238	-0.01345842	-0.01345842	0.006483968	-2.075645	
CWLH	829911	839097	-0.005503868	-0.005503868	0.006820597	-0.8069481	
CWLH	817475	846957	-0.01771295	-0.01771295	0.006656045	-2.661182	
CWLH	822472	840798	-0.01101805	-0.01101805	0.006654199	-1.655805	
CWLH	822900	849398	-0.01584526	-0.01584526	0.006696389	-2.36624	
CWLH	748532	905732	-0.09502715	-0.09502715	0.006097196	-15.58539	
CWLH	754278	901578	-0.08895701	-0.08895701	0.006099247	-14.58492	
CWLH	754055	897109	-0.08663827	-0.08663827	0.006170621	-14.04045	
CWLH	751014	902470	-0.0915981	-0.0915981	0.005931591	-15.44242	
CWLH	749796	899944	-0.09101313	-0.09101313	0.005748367	-15.83287	
CWLH	753403	890333	-0.08330413	-0.08330413	0.006107359	-13.63996	
CWLH	745378	902733	-0.09547597	-0.09547597	0.0059786	-15.96962	
CWLH	750425	896468	-0.08867789	-0.08867789	0.005964227	-14.8683	
CWLH	751841	905827	-0.09289315	-0.09289315	0.006111481	-15.19978	
CWLH	749697	909230	-0.09616638	-0.09616638	0.006105399	-15.75104	
CWLH	753023	902705	-0.09040253	-0.09040253	0.00605618	-14.92732	
CWLH	752827	897508	-0.08766766	-0.08766766	0.006123265	-14.31714	
CWLH	748215	902087	-0.09323869	-0.09323869	0.005732681	-16.26441	
CWLH	750135	902927	-0.09242969	-0.09242969	0.005700818	-16.21341	
CWLH	752188	891238	-0.08460983	-0.08460983	0.006064669	-13.95127	
CWLH	745557	904893	-0.09654094	-0.09654094	0.005950319	-16.2245	
CWLH	748707	897121	-0.09017589	-0.09017589	0.005929629	-15.20768	
CWLH	751668	908220	-0.0943148	-0.0943148	0.006115388	-15.42254	
