WHLL	762310	912164	-0.08949318	-0.08949318	0.005933654	-15.0823	
WHLL	764518	912755	-0.08837977	-0.08837977	0.00606724	-14.56672	
WHLL	763951	901609	-0.08264968	-0.08264968	0.005950406	-13.88976	
WHLL	762380	915400	-0.09120385	-0.09120385	0.005803606	-15.71503	
WHLL	760242	914067	-0.09187372	-0.09187372	0.005676273	-16.18557	
WHLL	759441	897658	-0.08340902	-0.08340902	0.00598779	-13.92985	
WHLL	758505	910946	-0.09131205	-0.09131205	0.005861449	-15.57841	
WHLL	759308	912059	-0.09139285	-0.09139285	0.005831613	-15.67197	
WHLL	761297	909040	-0.08845101	-0.08845101	0.005999373	-14.74338	
WHLL	776117	908829	-0.07876336	-0.07876336	0.00594412	-13.25063	
WHLL	779462	910813	-0.07770984	-0.07770984	0.005973371	-13.00938	
WHLL	778584	899143	-0.07185853	-0.07185853	0.005833445	-12.31837	
WHLL	776538	912008	-0.08022879	-0.08022879	0.005742335	-13.97146	
WHLL	774051	910130	-0.08079832	-0.08079832	0.005618783	-14.38004	
WHLL	777568	898418	-0.07210681	-0.07210681	0.005976937	-12.06417	
WHLL	770308	906005	-0.08094968	-0.08094968	0.00584013	-13.86094	
WHLL	773100	909167	-0.08088312	-0.08088312	0.005822623	-13.89118	
WHLL	778355	908769	-0.07729959	-0.07729959	0.005925406	-13.04545	
WHLL	761880	938032	-0.1036242	-0.1036242	0.005459443	-18.98072	
WHLL	764892	939392	-0.102389	-0.102389	0.005615039	-18.23479	
WHLL	767158	930852	-0.09640344	-0.09640344	0.005514089	-17.48311	
WHLL	758877	937333	-0.1052087	-0.1052087	0.005278908	-19.93001	
WHLL	760321	939776	-0.1055557	-0.1055557	0.005151724	-20.4894	
WHLL	764586	928316	-0.09671558	-0.09671558	0.005536344	-17.46921	
WHLL	757432	936076	-0.1054875	-0.1054875	0.005535647	-19.05605	
WHLL	758435	937538	-0.1056049	-0.1056049	0.005438547	-19.41785	
WHLL	765974	939508	-0.1017507	-0.1017507	0.005731572	-17.75267	
WHLL	752610	929318	-0.1050628	-0.1050628	0.005654848	-18.57924	
WHLL	754538	929110	-0.1036868	-0.1036868	0.00576507	-17.98534	
WHLL	759142	923776	-0.09782651	-0.09782651	0.005617537	-17.41448	
WHLL	748970	928087	-0.1068044	-0.1068044	0.005389772	-19.81612	
WHLL	749340	929222	-0.1071643	-0.1071643	0.005256459	-20.38717	
WHLL	756435	921503	-0.09837551	-0.09837551	0.005696908	-17.26823	
WHLL	749160	928284	-0.1067839	-0.1067839	0.005661139	-18.86262	
WHLL	750178	930108	-0.107083	-0.107083	0.00555795	-19.26663	
WHLL	755052	929418	-0.1035139	-0.1035139	0.0056831	-18.21433	
WHLL	762524	931757	-0.09988485	-0.09988485	0.005485604	-18.20854	
WHLL	764301	932299	-0.09902039	-0.09902039	0.005581341	-17.74133	
WHLL	770053	927046	-0.09250668	-0.09250668	0.005560823	-16.63543	
WHLL	760183	931794	-0.1014263	-0.1014263	0.005355346	-18.93926	
WHLL	760500	932984	-0.1018516	-0.1018516	0.005220112	-19.51138	
WHLL	764255	921510	-0.09328406	-0.09328406	0.005625372	-16.58274	
WHLL	759802	931836	-0.1016967	-0.1016967	0.005529598	-18.39134	
WHLL	758907	930808	-0.1017337	-0.1017337	0.005506533	-18.4751	
WHLL	766864	933607	-0.09805695	-0.09805695	0.00576337	-17.01382	
WHLL	759721	901490	-0.08534075	-0.08534075	0.005994568	-14.23635	
WHLL	761175	901646	-0.08447752	-0.08447752	0.006064263	-13.93039	
WHLL	766018	895800	-0.0780964	-0.0780964	0.006085409	-12.83338	
WHLL	757946	902941	-0.08729974	-0.08729974	0.005832876	-14.96684	
WHLL	757216	903085	-0.08785696	-0.08785696	0.005691902	-15.43543	
WHLL	759355	889732	-0.07906011	-0.07906011	0.006042851	-13.08325	
WHLL	755808	900263	-0.08722754	-0.08722754	0.005942969	-14.67744	
WHLL	755308	900216	-0.08752999	-0.08752999	0.005918257	-14.78983	
WHLL	763660	902904	-0.08355155	-0.08355155	0.006071209	-13.76193	
WHLL	822407	866381	-0.02603879	-0.02603879	0.006263308	-4.157354	
WHLL	822937	866083	-0.02554499	-0.02554499	0.006471195	-3.947492	
WHLL	826825	859231	-0.01922	-0.01922	0.006497099	-2.958244	
WHLL	818678	865798	-0.02797309	-0.02797309	0.006209444	-4.504927	
WHLL	818846	866907	-0.02851011	-0.02851011	0.006092063	-4.679877	
WHLL	827208	859550	-0.01917406	-0.01917406	0.006518329	-2.941561	
WHLL	815606	862693	-0.02805638	-0.02805638	0.006314516	-4.443157	
WHLL	818511	865776	-0.02806232	-0.02806232	0.00642206	-4.369675	
WHLL	823614	865315	-0.0246908	-0.0246908	0.006503509	-3.796534	
WHLL	763173	912432	-0.08907768	-0.08907768	0.005791496	-15.38077	
WHLL	767149	914799	-0.08778512	-0.08778512	0.005947	-14.76124	
WHLL	769178	906333	-0.08185861	-0.08185861	0.005908449	-13.8545	
WHLL	762520	914205	-0.09046504	-0.09046504	0.005658869	-15.98642	
WHLL	761837	914505	-0.09107211	-0.09107211	0.00549832	-16.56362	
WHLL	765822	902737	-0.08205583	-0.08205583	0.005953242	-13.78339	
WHLL	758752	910855	-0.09110108	-0.09110108	0.005760953	-15.81354	
WHLL	761908	914139	-0.09082741	-0.09082741	0.005741577	-15.81924	
WHLL	767404	913860	-0.08711065	-0.08711065	0.006012681	-14.48782	
WHLL	770311	911810	-0.08411939	-0.08411939	0.005989056	-14.04552	
WHLL	770258	910638	-0.08351498	-0.08351498	0.005985644	-13.95255	
WHLL	772707	902403	-0.07742536	-0.07742536	0.006002193	-12.89951	
WHLL	765984	910516	-0.08621056	-0.08621056	0.005711272	-15.09481	
WHLL	766323	911840	-0.08671208	-0.08671208	0.005624242	-15.41756	
WHLL	771607	900871	-0.07728891	-0.07728891	0.006055408	-12.76362	
WHLL	766115	910383	-0.08605319	-0.08605319	0.005996604	-14.35032	
WHLL	765284	909938	-0.08634915	-0.08634915	0.005888287	-14.66456	
WHLL	774058	913112	-0.08241849	-0.08241849	0.006162017	-13.37525	
WHLL	759946	909513	-0.0895901	-0.0895901	0.006010879	-14.90466	
WHLL	763007	913703	-0.08987601	-0.08987601	0.006157145	-14.59703	
WHLL	763588	898928	-0.08140674	-0.08140674	0.00602822	-13.50427	
WHLL	760920	912862	-0.09077765	-0.09077765	0.005865483	-15.47659	
WHLL	758918	910674	-0.09089406	-0.09089406	0.005728794	-15.86618	
WHLL	757188	897369	-0.08472419	-0.08472419	0.006052789	-13.99754	
WHLL	757426	907955	-0.09038712	-0.09038712	0.005918819	-15.27114	
WHLL	756971	913068	-0.09346907	-0.09346907	0.005911574	-15.8112	
WHLL	761317	902547	-0.08488074	-0.08488074	0.005998649	-14.14997	
WHLL	774832	905851	-0.07795581	-0.07795581	0.006082885	-12.8156	
WHLL	777999	910757	-0.0786129	-0.0786129	0.006108797	-12.8688	
WHLL	779432	896564	-0.06988799	-0.06988799	0.005925057	-11.79533	
WHLL	775849	909200	-0.07913776	-0.07913776	0.005814382	-13.61069	
WHLL	773435	906257	-0.07907521	-0.07907521	0.005669834	-13.94665	
WHLL	776375	897970	-0.07262243	-0.07262243	0.006066785	-11.9705	
WHLL	770207	902802	-0.0792554	-0.0792554	0.005932473	-13.35959	
WHLL	770873	908897	-0.08216839	-0.08216839	0.005924486	-13.86929	
WHLL	779293	902267	-0.0731309	-0.0731309	0.005934765	-12.32246	
WHLL	762253	934893	-0.1017237	-0.1017237	0.005571059	-18.25931	
WHLL	764826	938900	-0.1021725	-0.1021725	0.005745283	-17.78372	
WHLL	769123	927481	-0.09333822	-0.09333822	0.005642832	-16.54102	
WHLL	760024	934519	-0.1029747	-0.1029747	0.005384706	-19.12355	
WHLL	761642	935909	-0.1026579	-0.1026579	0.005252544	-19.54441	
WHLL	764394	927099	-0.09619017	-0.09619017	0.005631808	-17.0798	
WHLL	758895	932719	-0.1027563	-0.1027563	0.005598411	-18.35455	
WHLL	758226	937478	-0.1057095	-0.1057095	0.005525601	-19.13086	
WHLL	769130	933003	-0.09627509	-0.09627509	0.005762437	-16.70736	
WHLL	752077	925790	-0.103532	-0.103532	0.005750974	-18.00252	
WHLL	753841	928264	-0.1036933	-0.1036933	0.005888476	-17.60953	
WHLL	759337	918925	-0.09509123	-0.09509123	0.005713857	-16.64221	
WHLL	748715	924527	-0.1050727	-0.1050727	0.005481156	-19.1698	
WHLL	749745	925086	-0.1046918	-0.1046918	0.005339676	-19.60639	
WHLL	755335	919798	-0.09817907	-0.09817907	0.005798501	-16.9318	
WHLL	749654	924367	-0.1043673	-0.1043673	0.00575394	-18.1384	
WHLL	749127	929598	-0.1075048	-0.1075048	0.005650131	-19.02696	
WHLL	755977	921328	-0.09858136	-0.09858136	0.005708013	-17.2707	
WHLL	764789	927009	-0.09588615	-0.09588615	0.00559144	-17.14874	
WHLL	766068	930033	-0.09667172	-0.09667172	0.005718434	-16.90528	
WHLL	774245	922501	-0.08737666	-0.08737666	0.005666999	-15.41851	
WHLL	763400	927589	-0.09709643	-0.09709643	0.005437087	-17.85817	
WHLL	763737	927649	-0.09690987	-0.09690987	0.005299483	-18.28667	
WHLL	766001	918602	-0.09058573	-0.09058573	0.005717793	-15.84278	
WHLL	762840	926291	-0.09676633	-0.09676633	0.005568043	-17.37888	
WHLL	760856	929578	-0.09980987	-0.09980987	0.005535451	-18.03103	
WHLL	771829	925686	-0.09063661	-0.09063661	0.005774363	-15.69638	
WHLL	760223	899969	-0.0841746	-0.0841746	0.006113911	-13.76772	
WHLL	760587	901994	-0.0850527	-0.0850527	0.006129216	-13.8766	
WHLL	766902	892708	-0.07580456	-0.07580456	0.006101426	-12.42407	
WHLL	758697	901236	-0.08587033	-0.08587033	0.005921198	-14.50219	
WHLL	757588	899878	-0.08584791	-0.08584791	0.005774607	-14.86645	
WHLL	759654	890456	-0.07926865	-0.07926865	0.006118458	-12.95566	
WHLL	757390	898232	-0.08506893	-0.08506893	0.006032654	-14.10141	
WHLL	754745	901362	-0.08853112	-0.08853112	0.005997783	-14.76064	
WHLL	766042	897392	-0.07896316	-0.07896316	0.006079947	-12.98747	
WHLL	823292	863473	-0.02382134	-0.02382134	0.006315199	-3.772065	
WHLL	823034	865006	-0.02486434	-0.02486434	0.006557323	-3.791843	
WHLL	829060	855635	-0.01577437	-0.01577437	0.006538752	-2.412443	
WHLL	819603	862086	-0.0252621	-0.0252621	0.006239553	-4.048704	
WHLL	820296	862615	-0.02514631	-0.02514631	0.006116534	-4.111202	
WHLL	827994	858724	-0.01821881	-0.01821881	0.006575162	-2.770854	
WHLL	817394	858821	-0.02471461	-0.02471461	0.006364712	-3.883068	
WHLL	818891	865972	-0.02794352	-0.02794352	0.006508954	-4.293089	
WHLL	826938	858592	-0.01877985	-0.01877985	0.006507797	-2.885746	
WHLL	763081	911172	-0.08845198	-0.08845198	0.005913786	-14.95691	
WHLL	765368	914962	-0.08902656	-0.08902656	0.006101034	-14.59204	
WHLL	769389	903570	-0.08020579	-0.08020579	0.006050745	-13.25552	
WHLL	761721	911783	-0.08966934	-0.08966934	0.005758186	-15.5725	
WHLL	761777	911776	-0.08962907	-0.08962907	0.005598432	-16.00967	
WHLL	763898	902258	-0.08304144	-0.08304144	0.006055099	-13.7143	
WHLL	758825	908244	-0.08962976	-0.08962976	0.005840669	-15.34581	
WHLL	760611	915354	-0.09233069	-0.09233069	0.005853208	-15.77437	
WHLL	768682	908169	-0.0831839	-0.0831839	0.006003014	-13.85702	
WHLL	775004	906776	-0.0783527	-0.0783527	0.006142313	-12.75622	
WHLL	773797	907523	-0.07953632	-0.07953632	0.00611276	-13.01152	
WHLL	778801	896646	-0.07033645	-0.07033645	0.006145513	-11.44517	
WHLL	770702	904864	-0.08006966	-0.08006966	0.005866085	-13.64959	
WHLL	772055	905893	-0.0797629	-0.0797629	0.00579331	-13.7681	
WHLL	774586	896172	-0.07277296	-0.07277296	0.006135824	-11.86034	
WHLL	771108	903973	-0.07931855	-0.07931855	0.006133427	-12.93218	
WHLL	767894	906169	-0.08259844	-0.08259844	0.006014685	-13.7328	
WHLL	780367	903451	-0.07309816	-0.07309816	0.006206818	-11.77708	
WHLL	760000	911839	-0.09082154	-0.09082154	0.006056574	-14.99553	
WHLL	763079	919172	-0.09278817	-0.09278817	0.006242599	-14.86371	
WHLL	761961	904199	-0.08536875	-0.08536875	0.006086272	-14.02644	
WHLL	760765	915430	-0.09227148	-0.09227148	0.0058483	-15.77749	
WHLL	757900	915625	-0.09424717	-0.09424717	0.005730901	-16.44544	
WHLL	757147	898006	-0.08510331	-0.08510331	0.006030484	-14.11219	
WHLL	755059	914692	-0.09560288	-0.09560288	0.005946056	-16.07837	
WHLL	756828	915165	-0.09469956	-0.09469956	0.005952831	-15.90832	
WHLL	757929	910479	-0.09143447	-0.09143447	0.006076988	-15.04602	
WHLL	775497	909015	-0.07926212	-0.07926212	0.006046285	-13.10923	
WHLL	777201	915442	-0.08167168	-0.08167168	0.00612105	-13.34276	
WHLL	777116	901293	-0.07398495	-0.07398495	0.005940308	-12.45473	
WHLL	776410	912723	-0.08069998	-0.08069998	0.005845341	-13.80586	
WHLL	772168	911179	-0.08258012	-0.08258012	0.005703473	-14.47892	
WHLL	776088	898704	-0.07321267	-0.07321267	0.006047157	-12.10696	
WHLL	767684	909628	-0.08462588	-0.08462588	0.005935702	-14.2571	
WHLL	771526	912297	-0.08360202	-0.08360202	0.005947981	-14.05553	
WHLL	776334	910416	-0.07949133	-0.07949133	0.006067534	-13.10109	
WHLL	760754	938079	-0.1043805	-0.1043805	0.005496405	-18.99068	
WHLL	762195	943982	-0.1065464	-0.1065464	0.005754359	-18.51577	
WHLL	765213	932957	-0.09877927	-0.09877927	0.005599156	-17.64182	
WHLL	757389	937105	-0.1060588	-0.1060588	0.005306491	-19.98662	
WHLL	757718	940475	-0.1076185	-0.1076185	0.005172052	-20.8077	
WHLL	763151	929147	-0.09808911	-0.09808911	0.00557573	-17.59216	
WHLL	754148	939381	-0.1093769	-0.1093769	0.005510121	-19.85019	
WHLL	755810	939971	-0.1085995	-0.1085995	0.005459336	-19.89244	
WHLL	764190	941817	-0.1041186	-0.1041186	0.005792316	-17.97529	
WHLL	751595	928551	-0.1053218	-0.1053218	0.005713143	-18.435	
WHLL	752587	933242	-0.1071609	-0.1071609	0.00591003	-18.13204	
WHLL	756916	924347	-0.09958644	-0.09958644	0.005717912	-17.41657	
WHLL	747801	927133	-0.1070681	-0.1070681	0.005436454	-19.69447	
WHLL	747794	929990	-0.1085932	-0.1085932	0.005291721	-20.52135	
WHLL	754733	921025	-0.0992339	-0.0992339	0.005770013	-17.19821	
WHLL	746145	930837	-0.1101336	-0.1101336	0.005681366	-19.38505	
WHLL	747812	931962	-0.1096278	-0.1096278	0.005633858	-19.45875	
WHLL	752306	929675	-0.1054524	-0.1054524	0.005744938	-18.35571	
WHLL	764318	929589	-0.09756793	-0.09756793	0.0055168	-17.6856	
WHLL	764599	934504	-0.09999688	-0.09999688	0.005700868	-17.54064	
WHLL	771382	927136	-0.09169994	-0.09169994	0.005634092	-16.2759	
WHLL	762460	929962	-0.09897177	-0.09897177	0.005383073	-18.38574	
WHLL	761587	932054	-0.1006512	-0.1006512	0.005249059	-19.17509	
WHLL	765897	919890	-0.09134784	-0.09134784	0.005648643	-16.17164	
WHLL	759639	932845	-0.1023383	-0.1023383	0.005497408	-18.61574	
WHLL	759726	931431	-0.1015311	-0.1015311	0.005524754	-18.37749	
WHLL	767903	933506	-0.09733286	-0.09733286	0.005759891	-16.89839	
WHLL	760293	902413	-0.08547512	-0.08547512	0.006110948	-13.98721	
WHLL	760020	906969	-0.08815235	-0.08815235	0.006269143	-14.06131	
WHLL	764620	897494	-0.07994277	-0.07994277	0.006115165	-13.07287	
WHLL	757747	903152	-0.08754596	-0.08754596	0.005899874	-14.83861	
WHLL	755636	904127	-0.08946518	-0.08946518	0.005769304	-15.5071	
WHLL	758874	890658	-0.07989175	-0.07989175	0.006071528	-13.15843	
WHLL	754096	904154	-0.09049178	-0.09049178	0.006014621	-15.0453	
WHLL	754421	903384	-0.08985556	-0.08985556	0.005994367	-14.99	
WHLL	762773	905550	-0.08558115	-0.08558115	0.006188181	-13.82977	
WHLL	824596	864948	-0.02388337	-0.02388337	0.006349619	-3.761386	
WHLL	823985	869420	-0.02683056	-0.02683056	0.006647294	-4.036313	
WHLL	828057	859645	-0.01871657	-0.01871657	0.006547603	-2.858538	
WHLL	820855	864105	-0.02566827	-0.02566827	0.006219173	-4.12728	
WHLL	819787	866368	-0.02762557	-0.02762557	0.006116451	-4.516602	
WHLL	829464	858935	-0.017455	-0.017455	0.006559417	-2.661059	
WHLL	816253	865032	-0.02901293	-0.02901293	0.006375976	-4.550351	
WHLL	819582	866915	-0.02806587	-0.02806587	0.006482176	-4.329698	
WHLL	824529	865313	-0.0241348	-0.0241348	0.006531909	-3.694907	
WHLL	765172	912442	-0.08778539	-0.08778539	0.005983352	-14.67161	
WHLL	766703	918477	-0.09006397	-0.09006397	0.00625043	-14.40924	
WHLL	769140	907354	-0.08244229	-0.08244229	0.006100281	-13.51451	
WHLL	763762	913487	-0.0892682	-0.0892682	0.005790212	-15.41709	
WHLL	762075	915047	-0.09121102	-0.09121102	0.005653839	-16.13258	
WHLL	766270	902336	-0.08154471	-0.08154471	0.006059543	-13.45724	
WHLL	758183	913754	-0.09304836	-0.09304836	0.005891856	-15.79271	
WHLL	761109	915174	-0.09190871	-0.09190871	0.005881463	-15.62684	
WHLL	767916	915497	-0.08766773	-0.08766773	0.006200866	-14.13798	
WHLL	773727	910513	-0.08121527	-0.08121527	0.00614464	-13.21725	
WHLL	771911	913878	-0.08421398	-0.08421398	0.006231156	-13.51499	
WHLL	775131	902755	-0.07606238	-0.07606238	0.006179396	-12.30903	
WHLL	768668	908254	-0.08323941	-0.08323941	0.005808831	-14.32981	
WHLL	768452	911311	-0.08504712	-0.08504712	0.005774249	-14.72869	
WHLL	773393	898951	-0.07507905	-0.07507905	0.006154313	-12.19942	
WHLL	766859	911828	-0.08635856	-0.08635856	0.006103032	-14.15011	
WHLL	766441	909924	-0.08559174	-0.08559174	0.00600425	-14.25519	
WHLL	776077	913207	-0.0811764	-0.0811764	0.00629301	-12.89946	
