RIRL	902151	795922	0.06255856	0.06255856	0.0062929	9.941134	
RIRL	907867	790359	0.06919456	0.06919456	0.006262632	11.0488	
RIRL	900158	800030	0.05889231	0.05889231	0.006340148	9.288791	
RIRL	902962	793265	0.06467118	0.06467118	0.006006315	10.7672	
RIRL	899032	787313	0.0662492	0.0662492	0.005958549	11.11834	
RIRL	883362	804305	0.04684396	0.04684396	0.006315455	7.417352	
RIRL	896326	791563	0.06206747	0.06206747	0.006224037	9.97222	
RIRL	904331	798973	0.06185508	0.06185508	0.006252908	9.892209	
RIRL	902408	798808	0.06089762	0.06089762	0.006289392	9.682591	
RIRL	897818	810672	0.05100761	0.05100761	0.006424117	7.940019	
RIRL	902688	803991	0.05782986	0.05782986	0.00633825	9.123947	
RIRL	895243	813882	0.04760389	0.04760389	0.006444778	7.386428	
RIRL	898595	807780	0.05322101	0.05322101	0.00610988	8.710648	
RIRL	894404	801617	0.05470864	0.05470864	0.006067893	9.016085	
RIRL	876372	816176	0.03556531	0.03556531	0.006361263	5.590921	
RIRL	891432	805519	0.05062786	0.05062786	0.006311707	8.021263	
RIRL	894352	808034	0.05070413	0.05070413	0.006266973	8.090689	
RIRL	894649	809805	0.04977782	0.04977782	0.00631993	7.876324	
RIRL	908391	815705	0.05375919	0.05375919	0.006367146	8.443216	
RIRL	905784	801571	0.06103769	0.06103769	0.006213983	9.822634	
RIRL	897467	810435	0.05095843	0.05095843	0.006280091	8.114281	
RIRL	899676	803520	0.05645622	0.05645622	0.006008692	9.395758	
RIRL	897137	798922	0.05790777	0.05790777	0.005911219	9.79625	
RIRL	887219	821788	0.03828598	0.03828598	0.006303448	6.073815	
RIRL	899101	807838	0.05346588	0.05346588	0.006260136	8.54069	
RIRL	898461	806716	0.0538038	0.0538038	0.006142064	8.759889	
RIRL	902867	812819	0.05248513	0.05248513	0.006229544	8.425196	
RIRL	912055	804848	0.06244208	0.06244208	0.006429398	9.711965	
RIRL	911102	792346	0.06971507	0.06971507	0.006294899	11.07485	
RIRL	900936	799147	0.05987296	0.05987296	0.006335785	9.449967	
RIRL	904733	794132	0.06510288	0.06510288	0.006032126	10.79269	
RIRL	900330	787904	0.06659385	0.06659385	0.005942284	11.20678	
RIRL	889422	809223	0.04721351	0.04721351	0.006300765	7.493299	
RIRL	901810	796032	0.06230144	0.06230144	0.006295096	9.896821	
RIRL	906376	800012	0.06233283	0.06233283	0.006258396	9.959874	
RIRL	908215	803491	0.06118107	0.06118107	0.006241135	9.802875	
RIRL	907799	816414	0.05300099	0.05300099	0.006239739	8.494105	
RIRL	906790	803645	0.06030337	0.06030337	0.005965209	10.10918	
RIRL	896349	810725	0.05015834	0.05015834	0.006031698	8.315791	
RIRL	902164	807399	0.05543229	0.05543229	0.00578639	9.579771	
RIRL	898090	801354	0.05692215	0.05692215	0.005655026	10.06576	
RIRL	887466	823412	0.03743926	0.03743926	0.006074972	6.162869	
RIRL	898398	808106	0.05291051	0.05291051	0.0060689	8.718303	
RIRL	899309	808709	0.05304394	0.05304394	0.005917361	8.96412	
RIRL	904581	815976	0.05149786	0.05149786	0.006049991	8.512055	
RIRL	903803	802604	0.05930531	0.05930531	0.006273648	9.453082	
RIRL	905724	793104	0.06629276	0.06629276	0.006187594	10.71382	
RIRL	898957	803039	0.05635618	0.05635618	0.006298761	8.947186	
RIRL	903885	799281	0.06141738	0.06141738	0.005967263	10.29239	
RIRL	898698	792082	0.06305729	0.06305729	0.005911222	10.66739	
RIRL	882980	808271	0.04417381	0.04417381	0.006215699	7.106813	
RIRL	897647	797718	0.05894247	0.05894247	0.00618732	9.526332	
RIRL	899944	799723	0.05896508	0.05896508	0.006197487	9.514353	
RIRL	898803	799696	0.05834975	0.05834975	0.006174869	9.449554	
RIRL	908628	805900	0.0599162	0.0599162	0.006261573	9.568873	
RIRL	905338	790937	0.06744248	0.06744248	0.006039818	11.16631	
RIRL	896371	798712	0.05761311	0.05761311	0.006143565	9.377798	
RIRL	902161	795642	0.06273932	0.06273932	0.005905048	10.62469	
RIRL	897797	789407	0.06424238	0.06424238	0.005789419	11.09652	
RIRL	887180	810982	0.04487087	0.04487087	0.006143002	7.304387	
RIRL	900808	799270	0.05972549	0.05972549	0.006181795	9.661514	
RIRL	901169	798980	0.06010591	0.06010591	0.006095909	9.86004	
RIRL	903868	803355	0.05887514	0.05887514	0.006085222	9.675103	
RIRL	904523	804232	0.05869244	0.05869244	0.006138025	9.562106	
RIRL	907041	795303	0.06563773	0.06563773	0.00597116	10.99246	
RIRL	897018	802765	0.05545002	0.05545002	0.006103065	9.085601	
RIRL	902539	798575	0.06111525	0.06111525	0.005758033	10.61391	
RIRL	896611	790705	0.06276595	0.06276595	0.005665469	11.07869	
RIRL	881849	808977	0.04309846	0.04309846	0.005973796	7.214586	
RIRL	896264	797575	0.05826351	0.05826351	0.00603794	9.649567	
RIRL	901679	802384	0.05826956	0.05826956	0.006006334	9.701351	
RIRL	902211	804733	0.05710674	0.05710674	0.005960031	9.581617	
RIRL	902541	819176	0.04841969	0.04841969	0.006263605	7.730322	
RIRL	903796	808719	0.05551893	0.05551893	0.006078269	9.134003	
RIRL	892695	815072	0.04545292	0.04545292	0.006179446	7.355501	
RIRL	898938	812067	0.05077191	0.05077191	0.005899445	8.606218	
RIRL	895754	806735	0.05228756	0.05228756	0.005825114	8.97623	
RIRL	878593	822748	0.03282411	0.03282411	0.00619547	5.298082	
RIRL	894653	812306	0.04824193	0.04824193	0.006112239	7.892678	
RIRL	896668	814172	0.04821959	0.04821959	0.00601322	8.01893	
RIRL	899427	818690	0.04699156	0.04699156	0.006155518	7.634054	
RIRL	920245	796203	0.07226668	0.07226668	0.006084894	11.87641	
RIRL	925637	785296	0.08202601	0.08202601	0.006051644	13.55433	
RIRL	920407	803988	0.06751295	0.06751295	0.006325159	10.67372	
RIRL	920575	791958	0.07510337	0.07510337	0.005878441	12.77607	
RIRL	914974	787779	0.07469962	0.07469962	0.005849402	12.77047	
RIRL	905658	801177	0.0612133	0.0612133	0.006297031	9.720977	
RIRL	913107	794725	0.06931712	0.06931712	0.006167538	11.23903	
RIRL	918902	797278	0.07086902	0.07086902	0.006005265	11.80115	
RIRL	922254	794134	0.07464513	0.07464513	0.00607917	12.27884	
RIRL	918059	808446	0.06348838	0.06348838	0.006124947	10.36554	
RIRL	922382	796170	0.0734409	0.0734409	0.006077576	12.08391	
RIRL	916809	814537	0.0590708	0.0590708	0.006377725	9.262049	
RIRL	918681	804424	0.06630879	0.06630879	0.005909772	11.22019	
RIRL	914131	801286	0.06578284	0.06578284	0.005879655	11.18821	
RIRL	900553	810312	0.05274583	0.05274583	0.006239958	8.452915	
RIRL	910518	806442	0.06061644	0.06061644	0.006175989	9.814855	
RIRL	913155	805745	0.06248764	0.06248764	0.005998525	10.41717	
RIRL	915948	802055	0.06629383	0.06629383	0.006017617	11.01663	
RIRL	923232	815210	0.06213725	0.06213725	0.006166441	10.07668	
RIRL	923634	799006	0.0723471	0.0723471	0.006119535	11.82232	
RIRL	916216	815849	0.05794644	0.05794644	0.006390274	9.067911	
RIRL	916423	803935	0.06538639	0.06538639	0.005935131	11.01684	
RIRL	913311	802089	0.06483736	0.06483736	0.00587494	11.03626	
RIRL	905785	818069	0.05088366	0.05088366	0.006251268	8.139734	
RIRL	913871	811882	0.05909826	0.05909826	0.006156564	9.599228	
RIRL	913134	807737	0.06124631	0.06124631	0.005982107	10.23825	
RIRL	921842	810020	0.0645675	0.0645675	0.006145084	10.50718	
RIRL	927068	805057	0.07044007	0.07044007	0.006222613	11.32001	
RIRL	928502	789814	0.08071158	0.08071158	0.00616991	13.08149	
RIRL	917677	803053	0.06661359	0.06661359	0.00638939	10.42566	
RIRL	921769	795335	0.07363212	0.07363212	0.005969436	12.33485	
RIRL	916861	791779	0.07320559	0.07320559	0.005967578	12.26722	
RIRL	907457	805238	0.05968313	0.05968313	0.006247536	9.553067	
RIRL	916267	800108	0.06767694	0.06767694	0.006192132	10.9295	
RIRL	920321	800858	0.06940766	0.06940766	0.00606912	11.4362	
RIRL	925963	800104	0.07291664	0.07291664	0.006116792	11.92073	
RIRL	917829	818479	0.05721911	0.05721911	0.005920209	9.66505	
RIRL	919674	803311	0.0675357	0.0675357	0.005774607	11.69529	
RIRL	910263	817988	0.05339213	0.05339213	0.006011945	8.881007	
RIRL	914523	810462	0.06032574	0.06032574	0.005606625	10.75972	
RIRL	910078	807483	0.05973296	0.05973296	0.005555884	10.7513	
RIRL	901373	821813	0.04617029	0.04617029	0.005969669	7.734146	
RIRL	908703	814972	0.05437858	0.05437858	0.005875587	9.255004	
RIRL	910155	813109	0.05631523	0.05631523	0.005697585	9.884052	
RIRL	919066	815628	0.05962896	0.05962896	0.005818257	10.2486	
RIRL	917184	803322	0.06617937	0.06617937	0.006066262	10.90941	
RIRL	920453	790122	0.07619134	0.07619134	0.006017108	12.66245	
RIRL	915357	807943	0.06233041	0.06233041	0.006283052	9.920403	
RIRL	918595	800306	0.06881665	0.06881665	0.005878232	11.70703	
RIRL	912759	795663	0.06854044	0.06854044	0.005809501	11.79799	
RIRL	901559	805866	0.05604521	0.05604521	0.006175394	9.075569	
RIRL	909333	800995	0.06334341	0.06334341	0.006114813	10.35901	
RIRL	912021	800476	0.06513588	0.06513588	0.005987719	10.87825	
RIRL	915451	796808	0.06929034	0.06929034	0.00599772	11.55278	
RIRL	923744	806111	0.06800165	0.06800165	0.006120388	11.11068	
RIRL	922475	788122	0.07854159	0.07854159	0.005926451	13.25272	
RIRL	914141	803303	0.0645366	0.0645366	0.006254694	10.31811	
RIRL	918340	796263	0.07119841	0.07119841	0.00583433	12.20336	
RIRL	914190	793536	0.07065185	0.07065185	0.005807529	12.16556	
RIRL	905908	806940	0.05777979	0.05777979	0.006153956	9.389049	
RIRL	914782	802786	0.06520615	0.06520615	0.006079162	10.72618	
RIRL	915724	799991	0.06745468	0.06745468	0.00594421	11.34796	
RIRL	922404	800459	0.07078044	0.07078044	0.006042738	11.71331	
RIRL	921293	805134	0.06728289	0.06728289	0.005889501	11.42421	
RIRL	924995	792113	0.0773871	0.0773871	0.00575649	13.44345	
RIRL	915739	807189	0.06300321	0.06300321	0.006077409	10.36679	
RIRL	920252	799090	0.07046998	0.07046998	0.005592934	12.59982	
RIRL	913858	794325	0.06997669	0.06997669	0.005528333	12.65783	
RIRL	902459	806013	0.05645161	0.05645161	0.005888979	9.585977	
RIRL	912545	801990	0.06448104	0.06448104	0.005880382	10.96545	
RIRL	915911	802108	0.06624083	0.06624083	0.00573313	11.55404	
RIRL	921676	801533	0.0697205	0.0697205	0.005764975	12.09381	
RIRL	919408	817891	0.05843381	0.05843381	0.005986516	9.760904	
RIRL	922545	804281	0.06848634	0.06848634	0.005892831	11.62198	
RIRL	911413	817193	0.05450635	0.05450635	0.00614	8.877256	
RIRL	917742	811549	0.0614084	0.0614084	0.00575369	10.67287	
RIRL	913322	808724	0.06074054	0.06074054	0.005719717	10.6195	
RIRL	899355	817992	0.04737715	0.04737715	0.006083666	7.787598	
RIRL	911357	815205	0.05568986	0.05568986	0.005972874	9.323797	
RIRL	912999	813944	0.05735858	0.05735858	0.005802784	9.884666	
RIRL	918907	813726	0.06070587	0.06070587	0.005880016	10.3241	
RIRL	874424	802735	0.04274431	0.04274431	0.005772387	7.404963	
RIRL	874850	796725	0.04673736	0.04673736	0.005759736	8.114496	
RIRL	873128	806095	0.03991906	0.03991906	0.005910397	6.75404	
RIRL	869851	802968	0.03998221	0.03998221	0.005535757	7.222537	
RIRL	867915	794920	0.04389792	0.04389792	0.005500006	7.981432	
RIRL	857641	804193	0.03216206	0.03216206	0.005819054	5.527025	
RIRL	867088	800793	0.03974804	0.03974804	0.005726543	6.941019	
RIRL	869195	805456	0.03806106	0.03806106	0.005615011	6.778449	
RIRL	872672	800291	0.04326515	0.04326515	0.005778104	7.487776	
RIRL	870074	815451	0.03240711	0.03240711	0.005840259	5.548917	
RIRL	869883	808539	0.03654862	0.03654862	0.00583688	6.26167	
RIRL	868469	818354	0.0297097	0.0297097	0.005978844	4.969137	
RIRL	866345	816357	0.02970698	0.02970698	0.005618673	5.287188	
RIRL	864265	808079	0.03359715	0.03359715	0.005545856	6.058064	
RIRL	851520	815038	0.02189063	0.02189063	0.005847778	3.743409	
RIRL	862659	813137	0.02955133	0.02955133	0.005786308	5.107113	
RIRL	861993	815242	0.02787385	0.02787385	0.00561733	4.962118	
RIRL	865918	810345	0.03315291	0.03315291	0.005751782	5.763938	
RIRL	876937	820225	0.03341578	0.03341578	0.00580884	5.752574	
RIRL	873203	809357	0.03794575	0.03794575	0.005813254	6.527454	
RIRL	869514	816735	0.03129965	0.03129965	0.005982589	5.23179	
RIRL	867027	814521	0.0312248	0.0312248	0.005587968	5.587863	
RIRL	868017	809154	0.0350966	0.0350966	0.005555132	6.317869	
RIRL	860035	821582	0.02286668	0.02286668	0.005814602	3.93263	
RIRL	868283	816908	0.03048616	0.03048616	0.005748345	5.303467	
RIRL	864306	815821	0.02885794	0.02885794	0.005576621	5.174807	
RIRL	875031	816819	0.03440731	0.03440731	0.005840567	5.89109	
RIRL	874983	814429	0.03584324	0.03584324	0.005816861	6.161955	
RIRL	870688	803148	0.04035043	0.04035043	0.00584991	6.897615	
RIRL	864780	808580	0.03358512	0.03358512	0.005994152	5.602981	
RIRL	864082	808360	0.03331775	0.03331775	0.005593033	5.957008	
RIRL	863455	801631	0.03712961	0.03712961	0.005574603	6.660494	
RIRL	855348	812915	0.02543544	0.02543544	0.005813415	4.375301	
RIRL	864113	808970	0.03295891	0.03295891	0.005775067	5.707105	
RIRL	865810	813027	0.03144022	0.03144022	0.005679534	5.535703	
RIRL	871803	810305	0.03656008	0.03656008	0.00583257	6.268263	
RIRL	872346	824662	0.02809887	0.02809887	0.005600324	5.017364	
RIRL	869046	813871	0.03278534	0.03278534	0.005543424	5.914276	
RIRL	864589	820344	0.0262592	0.0262592	0.005677664	4.625002	
RIRL	865103	821312	0.02596692	0.02596692	0.005366185	4.838991	
RIRL	864260	814113	0.02987834	0.02987834	0.005319208	5.617066	
RIRL	855886	825818	0.01787948	0.01787948	0.005556424	3.217804	
RIRL	862645	819838	0.02544275	0.02544275	0.005508516	4.618804	
RIRL	861949	821891	0.02378967	0.02378967	0.005395546	4.409131	
RIRL	871162	821658	0.02924351	0.02924351	0.005589086	5.232253	
RIRL	876892	808113	0.04081828	0.04081828	0.005801416	7.035916	
RIRL	875332	799787	0.04509829	0.04509829	0.005786471	7.793747	
RIRL	874546	809056	0.03889874	0.03889874	0.00588591	6.60879	
RIRL	873620	809222	0.03826741	0.03826741	0.00555244	6.891998	
RIRL	870607	799692	0.04245647	0.04245647	0.005503062	7.715062	
RIRL	859357	807418	0.03116137	0.03116137	0.005716514	5.451114	
RIRL	869257	805737	0.03792252	0.03792252	0.005723994	6.625186	
RIRL	868138	807242	0.03634757	0.03634757	0.005620913	6.46649	
RIRL	871908	800965	0.04240788	0.04240788	0.005717325	7.417434	
RIRL	876822	811818	0.03849488	0.03849488	0.005651132	6.811889	
RIRL	871689	799610	0.04312753	0.04312753	0.005637581	7.650006	
RIRL	866979	805766	0.03659434	0.03659434	0.005761143	6.351923	
RIRL	867518	807088	0.0360861	0.0360861	0.005462409	6.606261	
RIRL	866665	800116	0.03992666	0.03992666	0.005422338	7.363367	
RIRL	859384	811347	0.02875209	0.02875209	0.005645569	5.092858	
RIRL	867671	807769	0.035753	0.035753	0.005589514	6.396441	
RIRL	866655	809135	0.03432411	0.03432411	0.005513012	6.226018	
RIRL	874055	807640	0.03949289	0.03949289	0.005691449	6.938987	
RIRL	874517	811359	0.03746302	0.03746302	0.005554675	6.744411	
RIRL	873306	803336	0.04173222	0.04173222	0.00551276	7.570114	
RIRL	868640	809997	0.03493489	0.03493489	0.005688033	6.141823	
RIRL	868424	809803	0.03493032	0.03493032	0.005294843	6.597045	
RIRL	865635	800815	0.03889706	0.03889706	0.005231897	7.434599	
RIRL	855123	810280	0.02692622	0.02692622	0.005471446	4.921225	
RIRL	865145	807358	0.03455121	0.03455121	0.00546057	6.3274	
RIRL	865669	810388	0.03298277	0.03298277	0.005381564	6.128844	
RIRL	871968	807806	0.03819681	0.03819681	0.005505977	6.937334	
RIRL	872548	823663	0.02882012	0.02882012	0.005695598	5.060069	
RIRL	870454	814411	0.03326261	0.03326261	0.005644681	5.892735	
RIRL	864177	819477	0.0265494	0.0265494	0.005747313	4.619445	
RIRL	866937	822612	0.02623481	0.02623481	0.0054593	4.805527	
RIRL	865412	814807	0.0301181	0.0301181	0.005403338	5.57398	
RIRL	852580	822199	0.0181403	0.0181403	0.00567232	3.198039	
RIRL	864522	820375	0.0262016	0.0262016	0.005585805	4.690747	
RIRL	863803	822781	0.02432254	0.02432254	0.005476553	4.441213	
RIRL	870478	820809	0.02936758	0.02936758	0.005626276	5.219718	
RIRL	851484	790075	0.03740895	0.03740895	0.005782891	6.468901	
RIRL	852948	783408	0.04249686	0.04249686	0.005677426	7.485235	
RIRL	852338	787993	0.03922684	0.03922684	0.005788729	6.776417	
RIRL	847324	792210	0.03361565	0.03361565	0.005488537	6.124701	
RIRL	844117	784547	0.03657599	0.03657599	0.0053943	6.780489	
RIRL	835711	787602	0.02963631	0.02963631	0.005776273	5.130697	
RIRL	843927	785338	0.03596039	0.03596039	0.005653079	6.361203	
RIRL	846616	791067	0.03391926	0.03391926	0.005583269	6.075162	
RIRL	849730	786827	0.03843618	0.03843618	0.005739579	6.69669	
RIRL	850048	801715	0.02926146	0.02926146	0.005856584	4.996336	
RIRL	849868	793269	0.0344457	0.0344457	0.005744231	5.996572	
RIRL	850426	799004	0.03117562	0.03117562	0.005902489	5.281775	
RIRL	845828	803922	0.02540142	0.02540142	0.005580098	4.552147	
RIRL	842948	796387	0.02840237	0.02840237	0.005464183	5.197917	
RIRL	831838	796767	0.02153438	0.02153438	0.00580214	3.711455	
RIRL	842263	796676	0.02781495	0.02781495	0.0057202	4.862583	
RIRL	841767	799261	0.02590206	0.02590206	0.005607425	4.619242	
RIRL	845231	795182	0.03051	0.03051	0.005722565	5.331526	
RIRL	858596	806608	0.0312202	0.0312202	0.005869767	5.318814	
RIRL	855279	794773	0.03666915	0.03666915	0.005812628	6.308531	
RIRL	853523	798251	0.0334622	0.0334622	0.005952009	5.622002	
RIRL	847533	802024	0.02758862	0.02758862	0.005571426	4.951806	
RIRL	846673	796580	0.03048405	0.03048405	0.005498625	5.543939	
RIRL	841703	803140	0.02344479	0.02344479	0.005800173	4.042084	
RIRL	849572	800613	0.02966879	0.02966879	0.00572548	5.181887	
RIRL	845549	799671	0.02788563	0.02788563	0.005648232	4.937055	
RIRL	854769	800891	0.03254171	0.03254171	0.005811597	5.599443	
RIRL	860656	799004	0.03714737	0.03714737	0.005901974	6.294058	
RIRL	857156	787128	0.04258875	0.04258875	0.005853477	7.275804	
RIRL	853480	788375	0.03965332	0.03965332	0.005971581	6.640339	
RIRL	849170	794066	0.03353383	0.03353383	0.005593347	5.995307	
RIRL	847480	787923	0.03641732	0.03641732	0.005533393	6.581373	
RIRL	841329	793011	0.02956423	0.02956423	0.005801077	5.096334	
RIRL	850039	791360	0.03574938	0.03574938	0.005755362	6.211491	
RIRL	851275	795407	0.03392762	0.03392762	0.005730484	5.92055	
RIRL	855945	792436	0.03852811	0.03852811	0.00580218	6.640281	
RIRL	856663	809951	0.02802809	0.02802809	0.005677985	4.936273	
RIRL	854056	798457	0.03364512	0.03364512	0.00552085	6.094192	
RIRL	849933	799449	0.03060783	0.03060783	0.005627593	5.438885	
RIRL	848054	807455	0.02452358	0.02452358	0.005335652	4.596173	
RIRL	845831	800796	0.02734985	0.02734985	0.005249529	5.209962	
RIRL	840033	806321	0.02047676	0.02047676	0.005535874	3.698921	
RIRL	847324	803125	0.02677999	0.02677999	0.005504906	4.864749	
RIRL	845978	804726	0.02499055	0.02499055	0.005472833	4.566291	
RIRL	853668	804865	0.0294254	0.0294254	0.005579525	5.273819	
RIRL	853445	794891	0.0355231	0.0355231	0.005817579	6.106165	
RIRL	852153	785463	0.04072383	0.04072383	0.005695624	7.150021	
RIRL	852600	790575	0.03774704	0.03774704	0.005770134	6.541797	
RIRL	849079	796911	0.031694	0.031694	0.005516587	5.745218	
RIRL	845216	788647	0.03462285	0.03462285	0.005394492	6.418186	
RIRL	836338	790136	0.02840623	0.02840623	0.005680875	5.000327	
RIRL	845075	789590	0.03394273	0.03394273	0.005669774	5.986612	
RIRL	844511	791992	0.03209221	0.03209221	0.005598733	5.732049	
RIRL	847354	786594	0.03718601	0.03718601	0.005674089	6.553653	
RIRL	856773	799182	0.03477812	0.03477812	0.005724861	6.074928	
RIRL	852096	786051	0.04031689	0.04031689	0.005634783	7.155004	
RIRL	849267	788150	0.03732525	0.03732525	0.005740961	6.501569	
RIRL	846942	795686	0.03120366	0.03120366	0.005447442	5.728131	
RIRL	844949	789186	0.03412386	0.03412386	0.005377173	6.34606	
RIRL	839637	794317	0.0277364	0.0277364	0.005638418	4.919181	
RIRL	847738	793035	0.03333977	0.03333977	0.005586713	5.96769	
RIRL	846257	794053	0.03182569	0.03182569	0.00556206	5.721925	
RIRL	853294	793354	0.03640122	0.03640122	0.005672236	6.417438	
RIRL	854803	798117	0.03429446	0.03429446	0.005627106	6.094511	
RIRL	854241	788994	0.03970643	0.03970643	0.005505716	7.211857	
RIRL	850684	790799	0.03648225	0.03648225	0.00562441	6.486415	
RIRL	848624	798121	0.03066838	0.03066838	0.005285277	5.802605	
RIRL	844323	789544	0.03352721	0.03352721	0.005195424	6.453219	
RIRL	836033	792605	0.02666523	0.02666523	0.00543616	4.905158	
RIRL	845365	791748	0.03275095	0.03275095	0.00543431	6.026698	
RIRL	846169	795291	0.03099558	0.03099558	0.005408206	5.731212	
RIRL	852423	793815	0.03560117	0.03560117	0.005472588	6.505363	
RIRL	854891	810393	0.02672097	0.02672097	0.005744143	4.651864	
RIRL	853003	799899	0.03212774	0.03212774	0.005572962	5.76493	
RIRL	848224	800514	0.02893728	0.02893728	0.005677353	5.096967	
RIRL	847998	809860	0.02300438	0.02300438	0.005432447	4.234626	
RIRL	845842	803279	0.02580951	0.02580951	0.005341969	4.831459	
RIRL	834856	804098	0.01876685	0.01876685	0.005646132	3.323842	
RIRL	846743	804897	0.02533603	0.02533603	0.005554223	4.561579	
RIRL	845425	806912	0.0233082	0.0233082	0.005507783	4.231866	
RIRL	851616	805725	0.02768953	0.02768953	0.005625623	4.922039	
RIRL	871580	797553	0.04435057	0.04435057	0.005773774	7.681383	
RIRL	873047	794043	0.04739036	0.04739036	0.005800739	8.169712	
RIRL	872795	798371	0.04453418	0.04453418	0.005919847	7.522859	
RIRL	867112	800654	0.03984852	0.03984852	0.005588052	7.131021	
RIRL	864917	792150	0.04391313	0.04391313	0.005539113	7.927828	
RIRL	854032	799720	0.03284168	0.03284168	0.005841559	5.622075	
RIRL	865629	792258	0.04425573	0.04425573	0.005679534	7.792141	
RIRL	864622	801419	0.03793604	0.03793604	0.005691586	6.665285	
RIRL	871003	795755	0.04514633	0.04514633	0.00575625	7.84301	
RIRL	866272	811518	0.0326346	0.0326346	0.005824305	5.603174	
RIRL	866308	806340	0.03585213	0.03585213	0.005840729	6.138298	
RIRL	866964	811614	0.03297434	0.03297434	0.006009977	5.4866	
RIRL	862272	814962	0.02820716	0.02820716	0.005677445	4.968283	
RIRL	860144	806489	0.03219365	0.03219365	0.005594108	5.754922	
RIRL	846188	811162	0.02113374	0.02113374	0.005867246	3.601986	
RIRL	860543	806285	0.03255165	0.03255165	0.005753795	5.657422	
RIRL	855909	811759	0.02647409	0.02647409	0.005716191	4.631422	
RIRL	862814	806682	0.03362212	0.03362212	0.005765104	5.832006	
RIRL	872972	816203	0.03360753	0.03360753	0.005829793	5.764789	
RIRL	869598	807097	0.03727631	0.03727631	0.005887528	6.331402	
RIRL	868271	810498	0.03441391	0.03441391	0.006015064	5.721287	
RIRL	862428	812757	0.02965105	0.02965105	0.005636793	5.26027	
RIRL	862964	806655	0.03372566	0.03372566	0.005601571	6.02075	
RIRL	854319	817474	0.02203921	0.02203921	0.005846402	3.769705	
RIRL	865896	809850	0.0334454	0.0334454	0.005749462	5.817136	
RIRL	857536	811859	0.02736141	0.02736141	0.005677029	4.81967	
RIRL	870531	811826	0.0348945	0.0348945	0.005875421	5.939063	
RIRL	869249	811868	0.03413266	0.03413266	0.005809692	5.875124	
RIRL	864520	801677	0.03771643	0.03771643	0.005846974	6.45059	
RIRL	861993	803752	0.03496394	0.03496394	0.006003616	5.823813	
RIRL	857881	807991	0.02994828	0.02994828	0.005609566	5.338787	
RIRL	856853	800607	0.03393506	0.03393506	0.005566919	6.095842	
RIRL	848063	810237	0.02281011	0.02281011	0.005789698	3.939775	
RIRL	860446	803747	0.03406997	0.03406997	0.005724562	5.951541	
RIRL	857074	810443	0.02796433	0.02796433	0.005794504	4.826009	
RIRL	866279	807250	0.03527217	0.03527217	0.00581819	6.062396	
RIRL	869143	820825	0.02859107	0.02859107	0.005624253	5.083533	
RIRL	865354	811187	0.03230878	0.03230878	0.005576984	5.793236	
RIRL	863096	813220	0.02975334	0.02975334	0.005712017	5.208903	
RIRL	861114	819749	0.02460938	0.02460938	0.00541208	4.547121	
RIRL	859862	811823	0.02873687	0.02873687	0.005347292	5.374098	
RIRL	850163	821301	0.0172675	0.0172675	0.005563737	3.103579	
RIRL	861042	813204	0.02857286	0.02857286	0.00551322	5.182609	
RIRL	855640	818055	0.0224563	0.0224563	0.005490849	4.089769	
RIRL	867716	817456	0.02982485	0.02982485	0.005626071	5.301186	
RIRL	873294	805316	0.0404966	0.0404966	0.005848194	6.924634	
RIRL	871670	798466	0.04383116	0.04383116	0.005871819	7.464665	
RIRL	872175	802795	0.04142164	0.04142164	0.00595369	6.957305	
RIRL	868627	807820	0.03627135	0.03627135	0.005674281	6.392237	
RIRL	866181	798760	0.04049453	0.04049453	0.005590261	7.243763	
RIRL	852861	803792	0.02961936	0.02961936	0.005798402	5.108194	
RIRL	866682	799287	0.04045393	0.04045393	0.005751875	7.033173	
RIRL	862508	805362	0.03426286	0.03426286	0.005778752	5.929111	
RIRL	867974	797809	0.04212133	0.04212133	0.005745987	7.330565	
RIRL	869911	810649	0.03526325	0.03526325	0.005695983	6.190897	
RIRL	864378	799456	0.03901952	0.03901952	0.005666791	6.885646	
RIRL	862418	801899	0.03636266	0.03636266	0.005825619	6.241855	
RIRL	860111	808281	0.03106584	0.03106584	0.005498365	5.650014	
RIRL	858789	800565	0.03508835	0.03508835	0.005479243	6.403869	
RIRL	850414	809687	0.02453284	0.02453284	0.005687669	4.313339	
RIRL	862502	803696	0.03529352	0.03529352	0.005621566	6.278237	
RIRL	856301	807514	0.02932237	0.02932237	0.005622322	5.215348	
RIRL	866981	805948	0.03648272	0.03648272	0.005721978	6.375893	
RIRL	869361	807516	0.03688106	0.03688106	0.005575409	6.614952	
RIRL	868778	801609	0.04021164	0.04021164	0.005549226	7.246351	
RIRL	865815	803366	0.03741296	0.03741296	0.005721366	6.539166	
RIRL	863230	808685	0.03262427	0.03262427	0.005326999	6.124323	
RIRL	859760	798990	0.03663602	0.03663602	0.005274038	6.946484	
RIRL	848435	806470	0.02535795	0.02535795	0.005494793	4.614906	
RIRL	861573	800463	0.03676816	0.03676816	0.005448218	6.748657	
RIRL	858531	807426	0.03067606	0.03067606	0.00546153	5.616752	
RIRL	867317	804130	0.03780377	0.03780377	0.005499093	6.874547	
RIRL	867180	820072	0.02791996	0.02791996	0.005660555	4.93237	
RIRL	864583	812123	0.03128754	0.03128754	0.005625248	5.561983	
RIRL	860904	813002	0.0286169	0.0286169	0.005760138	4.968093	
RIRL	860353	820699	0.0235888	0.0235888	0.005485895	4.2999	
RIRL	858620	812714	0.02746668	0.02746668	0.005421824	5.065949	
RIRL	845058	818001	0.01626942	0.01626942	0.005669143	2.86982	
RIRL	860737	813944	0.02794144	0.02794144	0.005576258	5.010787	
RIRL	855599	819308	0.02166747	0.02166747	0.005548517	3.905093	
RIRL	864821	816653	0.02864629	0.02864629	0.005637923	5.081001	
RIRL	908703	788901	0.07057123	0.07057123	0.006286996	11.22495	
RIRL	910934	779396	0.07781794	0.07781794	0.006311279	12.32998	
RIRL	908930	784225	0.07365244	0.07365244	0.006370739	11.56105	
RIRL	906783	789065	0.06941542	0.06941542	0.006044507	11.48405	
RIRL	903288	781751	0.07212711	0.07212711	0.00597438	12.07274	
RIRL	892639	785312	0.06396313	0.06396313	0.006418859	9.964875	
RIRL	904348	782794	0.07204728	0.07204728	0.00624921	11.52902	
RIRL	908528	788822	0.07052523	0.07052523	0.006244872	11.2933	
RIRL	910627	778768	0.07805102	0.07805102	0.006198954	12.591	
RIRL	904521	802453	0.0597947	0.0597947	0.006418605	9.315841	
RIRL	904008	790022	0.06728688	0.06728688	0.006346074	10.60292	
RIRL	903366	796206	0.06305117	0.06305117	0.006513073	9.68071	
RIRL	901882	801625	0.05885329	0.05885329	0.006160123	9.553915	
RIRL	898738	794556	0.06152623	0.06152623	0.006075016	10.12775	
RIRL	885652	795913	0.05336636	0.05336636	0.006484398	8.229963	
RIRL	898361	794174	0.06155678	0.06155678	0.006300072	9.770806	
RIRL	899614	797462	0.06019294	0.06019294	0.006282658	9.580808	
RIRL	902255	787818	0.06771128	0.06771128	0.006245466	10.84167	
RIRL	913477	805370	0.06289507	0.06289507	0.006409752	9.812403	
RIRL	907585	787415	0.07089676	0.07089676	0.0063521	11.16115	
RIRL	905017	791988	0.06660499	0.06660499	0.006420746	10.3734	
RIRL	902350	796100	0.06255704	0.06255704	0.006161163	10.15345	
RIRL	901256	791275	0.0649802	0.0649802	0.006058178	10.72603	
RIRL	896050	800640	0.05623302	0.05623302	0.006509616	8.638454	
RIRL	905192	795302	0.0646224	0.0646224	0.006278334	10.29292	
RIRL	903789	795910	0.06346947	0.06346947	0.006300064	10.07442	
RIRL	910411	790180	0.07069954	0.07069954	0.006264685	11.28541	
RIRL	918356	795932	0.0714139	0.0714139	0.00642719	11.11122	
RIRL	914753	780385	0.0792667	0.0792667	0.006457712	12.27474	
RIRL	908667	781185	0.07543974	0.07543974	0.006434732	11.72384	
RIRL	908774	788349	0.07095832	0.07095832	0.006183797	11.47488	
RIRL	905572	781381	0.07361853	0.07361853	0.006104317	12.06008	
RIRL	899706	789534	0.06521986	0.06521986	0.006481012	10.06322	
RIRL	908729	784523	0.07335352	0.07335352	0.006310516	11.62401	
RIRL	912619	790252	0.07185923	0.07185923	0.006384724	11.25487	
RIRL	916498	782007	0.07918199	0.07918199	0.006257636	12.65366	
RIRL	907612	809127	0.05736749	0.05736749	0.006170122	9.297626	
RIRL	904805	794203	0.06509799	0.06509799	0.006070596	10.72349	
RIRL	900070	796579	0.0609973	0.0609973	0.006108606	9.985468	
RIRL	900416	803839	0.05666816	0.05666816	0.005854626	9.679211	
RIRL	897056	796712	0.05924306	0.05924306	0.005713788	10.36844	
RIRL	891283	805164	0.05076433	0.05076433	0.006196947	8.19183	
RIRL	899212	798864	0.05909512	0.05909512	0.005957346	9.919706	
RIRL	900326	801919	0.05781013	0.05781013	0.006002109	9.631636	
RIRL	907604	796900	0.06494793	0.06494793	0.006005163	10.81535	
RIRL	904658	797540	0.06292922	0.06292922	0.0062887	10.00671	
RIRL	904373	785463	0.07036778	0.07036778	0.006258667	11.24325	
RIRL	903712	791395	0.06625953	0.06625953	0.006375003	10.39365	
RIRL	903704	798428	0.06184949	0.06184949	0.0060249	10.26565	
RIRL	899000	789931	0.06457872	0.06457872	0.005931455	10.8875	
RIRL	888307	793306	0.05649397	0.05649397	0.006347369	8.900376	
RIRL	899372	790063	0.06470151	0.06470151	0.0061882	10.45563	
RIRL	900821	793523	0.06332716	0.06332716	0.00618932	10.23168	
RIRL	903246	783632	0.07090851	0.07090851	0.006133809	11.56027	
RIRL	915411	794990	0.07040513	0.07040513	0.006254768	11.25623	
RIRL	910701	778623	0.07818394	0.07818394	0.006233309	12.54293	
RIRL	906936	781764	0.07412329	0.07412329	0.006327966	11.7136	
RIRL	906951	788493	0.06986842	0.06986842	0.006047522	11.55323	
RIRL	904195	782146	0.07237504	0.07237504	0.005926088	12.21295	
RIRL	898076	790023	0.06400869	0.06400869	0.006326601	10.11739	
RIRL	907688	785603	0.07209924	0.07209924	0.006160442	11.70358	
RIRL	909362	789009	0.07086379	0.07086379	0.006236178	11.36334	
RIRL	914160	781674	0.07812439	0.07812439	0.006156922	12.68887	
RIRL	909486	797005	0.06591362	0.06591362	0.006020398	10.94838	
RIRL	909272	784976	0.07336352	0.07336352	0.005993538	12.24044	
RIRL	904320	786890	0.06943549	0.06943549	0.006097625	11.3873	
RIRL	905757	794939	0.06516038	0.06516038	0.005760234	11.31211	
RIRL	900853	786275	0.06791305	0.06791305	0.00563799	12.04561	
RIRL	890331	790184	0.05959304	0.05959304	0.006064023	9.82731	
RIRL	902666	788346	0.06760449	0.06760449	0.005933545	11.39361	
RIRL	905817	793413	0.06614996	0.06614996	0.005978509	11.06463	
RIRL	909679	784974	0.07358734	0.07358734	0.005868252	12.53991	
RIRL	907880	808609	0.05783375	0.05783375	0.006225295	9.290122	
RIRL	906582	795049	0.06554476	0.06554476	0.006158058	10.64374	
RIRL	900616	795990	0.06166782	0.06166782	0.006239581	9.883328	
RIRL	902633	805083	0.05712308	0.05712308	0.005935593	9.623821	
RIRL	899683	798213	0.0597622	0.0597622	0.005840008	10.23324	
RIRL	887654	800498	0.05162805	0.05162805	0.00626134	8.245527	
RIRL	900957	799490	0.05967078	0.05967078	0.00604922	9.86421	
RIRL	902092	802712	0.05829409	0.05829409	0.006077007	9.592565	
RIRL	907465	795666	0.06564322	0.06564322	0.006082347	10.79242	
RIRL	913112	794293	0.0695904	0.0695904	0.006220269	11.18768	
RIRL	916230	787201	0.07574654	0.07574654	0.006191142	12.23466	
RIRL	911680	791569	0.07051876	0.07051876	0.006317807	11.1619	
RIRL	911010	795985	0.0673845	0.0673845	0.005942586	11.33925	
RIRL	907592	786821	0.07127601	0.07127601	0.005861645	12.15973	
RIRL	901517	786024	0.06843863	0.06843863	0.006214087	11.01346	
RIRL	905740	790619	0.06786358	0.06786358	0.00619472	10.95507	
RIRL	913365	799734	0.06633067	0.06633067	0.006192775	10.71098	
RIRL	914844	794713	0.07027025	0.07027025	0.006245979	11.25048	
RIRL	908283	809405	0.05756459	0.05756459	0.006388012	9.011346	
RIRL	909423	800117	0.06393884	0.06393884	0.006354286	10.06232	
RIRL	905507	805065	0.05871837	0.05871837	0.006454176	9.097733	
RIRL	905905	810826	0.05538375	0.05538375	0.006110895	9.063116	
RIRL	903403	802491	0.05915491	0.05915491	0.006041609	9.79125	
RIRL	892679	797183	0.05651112	0.05651112	0.006235432	9.062905	
RIRL	899103	803610	0.05608285	0.05608285	0.006251979	8.970415	
RIRL	903717	809751	0.05483966	0.05483966	0.00627406	8.740697	
RIRL	905355	804952	0.05870467	0.05870467	0.006260595	9.376851	
RIRL	913996	817477	0.05574387	0.05574387	0.006326827	8.810715	
RIRL	908425	801213	0.06271035	0.06271035	0.006232242	10.06225	
RIRL	903396	805368	0.05736778	0.05736778	0.006371718	9.003503	
RIRL	903038	810283	0.05413755	0.05413755	0.00603939	8.964075	
RIRL	902752	804074	0.05781374	0.05781374	0.006001829	9.632688	
RIRL	898568	805818	0.05441842	0.05441842	0.006218805	8.750624	
RIRL	902490	809726	0.05417774	0.05417774	0.006193325	8.747764	
RIRL	903374	812168	0.05316454	0.05316454	0.006214854	8.55443	
RIRL	909960	812076	0.05684202	0.05684202	0.006251428	9.092646	
RIRL	910694	810508	0.058207	0.058207	0.006284571	9.261889	
RIRL	907714	796981	0.06495766	0.06495766	0.006278069	10.34676	
RIRL	898909	797254	0.05993233	0.05993233	0.006335016	9.460487	
RIRL	900996	804845	0.05636575	0.05636575	0.00603859	9.334256	
RIRL	898811	796758	0.06018805	0.06018805	0.006038344	9.967642	
RIRL	892586	795796	0.05732707	0.05732707	0.006165494	9.29805	
RIRL	898794	802051	0.05687937	0.05687937	0.006142558	9.259884	
RIRL	903954	808780	0.05556847	0.05556847	0.006240841	8.904002	
RIRL	906668	805006	0.05939332	0.05939332	0.006195776	9.586098	
RIRL	907444	822334	0.04920285	0.04920285	0.006115733	8.04529	
RIRL	904775	808959	0.05591066	0.05591066	0.005993748	9.328164	
RIRL	898547	811814	0.05071035	0.05071035	0.006115857	8.291618	
RIRL	898778	817431	0.04739924	0.04739924	0.00574359	8.252545	
RIRL	896822	809571	0.05113183	0.05113183	0.005727919	8.926772	
RIRL	892779	811412	0.04774524	0.04774524	0.005969152	7.998663	
RIRL	896405	814743	0.04772352	0.04772352	0.0059484	8.022917	
RIRL	899072	819138	0.04652167	0.04652167	0.005974781	7.78634	
RIRL	906028	819616	0.05007522	0.05007522	0.006071251	8.247924	
RIRL	908928	804873	0.06071592	0.06071592	0.006256626	9.704259	
RIRL	909711	795339	0.06707838	0.06707838	0.006235215	10.75799	
RIRL	905604	800008	0.06191092	0.06191092	0.006360347	9.73389	
RIRL	907486	807208	0.05848157	0.05848157	0.006003018	9.742029	
RIRL	903503	797362	0.06240413	0.06240413	0.005899511	10.57785	
RIRL	895309	794601	0.05959371	0.05959371	0.006164042	9.66796	
RIRL	900891	800370	0.05908617	0.05908617	0.006195419	9.537074	
RIRL	904368	805617	0.05774963	0.05774963	0.006208313	9.301985	
RIRL	905399	799961	0.06182741	0.06182741	0.006178978	10.00609	
RIRL	909625	810671	0.0575215	0.0575215	0.006170524	9.32198	
RIRL	904900	795709	0.064207	0.064207	0.006080931	10.55875	
RIRL	899783	799591	0.05895818	0.05895818	0.006252776	9.429121	
RIRL	900279	805276	0.0557021	0.0557021	0.005928851	9.395092	
RIRL	898572	797743	0.05944002	0.05944002	0.005904769	10.06644	
RIRL	894196	798620	0.05645977	0.05645977	0.006058901	9.318483	
RIRL	899322	803918	0.05601325	0.05601325	0.006053695	9.252736	
RIRL	901552	807628	0.05495267	0.05495267	0.00611457	8.987168	
RIRL	905607	805172	0.05870717	0.05870717	0.006102739	9.619807	
RIRL	909252	806458	0.05991339	0.05991339	0.006033604	9.929951	
RIRL	910230	796731	0.06649185	0.06649185	0.005919874	11.23197	
RIRL	902547	798693	0.06104606	0.06104606	0.006117118	9.979546	
RIRL	904606	805728	0.0578121	0.0578121	0.005728564	10.0919	
RIRL	900546	795845	0.06171985	0.06171985	0.005654101	10.91595	
RIRL	893909	794868	0.05864658	0.05864658	0.005860932	10.00636	
RIRL	900124	800950	0.05830081	0.05830081	0.005934118	9.824681	
RIRL	904724	807214	0.05695884	0.05695884	0.005967444	9.544931	
RIRL	908828	804770	0.06072486	0.06072486	0.005906054	10.2818	
RIRL	909324	818910	0.05231583	0.05231583	0.006175563	8.471428	
RIRL	908508	807400	0.05892391	0.05892391	0.006084481	9.684294	
RIRL	899291	807470	0.05379839	0.05379839	0.006136674	8.766702	
RIRL	902571	816058	0.05033838	0.05033838	0.005849046	8.606254	
RIRL	901315	808860	0.05406172	0.05406172	0.005805421	9.312282	
RIRL	890547	803712	0.05125249	0.05125249	0.00600652	8.53281	
RIRL	899290	812176	0.05090022	0.05090022	0.00601495	8.462286	
RIRL	902190	816955	0.04957988	0.04957988	0.006013073	8.245347	
RIRL	907110	815182	0.05337539	0.05337539	0.006052662	8.818498	
RIRL	902719	799945	0.06036071	0.06036071	0.005991418	10.07453	
RIRL	905608	792103	0.06685767	0.06685767	0.005916333	11.30053	
RIRL	898583	798972	0.0586791	0.0586791	0.00604625	9.705041	
RIRL	898929	798372	0.05924524	0.05924524	0.00561855	10.54458	
RIRL	896454	792766	0.06138218	0.06138218	0.005609559	10.94243	
RIRL	887849	798019	0.05328412	0.05328412	0.005974008	8.919326	
RIRL	897187	795477	0.06008871	0.06008871	0.005930472	10.1322	
RIRL	903981	798756	0.06179756	0.06179756	0.005917075	10.44394	
RIRL	904105	794338	0.06462802	0.06462802	0.005872669	11.00488	
RIRL	892943	816490	0.04472419	0.04472419	0.006043177	7.400773	
RIRL	895509	807922	0.05141799	0.05141799	0.006015045	8.54823	
RIRL	889436	815657	0.04326978	0.04326978	0.006192835	6.987071	
RIRL	889671	815208	0.04367641	0.04367641	0.005695962	7.667961	
RIRL	887171	809658	0.04568109	0.04568109	0.005707938	8.003082	
RIRL	875535	811872	0.0377283	0.0377283	0.005997479	6.290693	
RIRL	886893	811460	0.04441538	0.04441538	0.005952928	7.461099	
RIRL	890172	811310	0.04634901	0.04634901	0.005995999	7.729989	
RIRL	892306	808616	0.04920273	0.04920273	0.005912576	8.321708	
RIRL	914311	814085	0.05798787	0.05798787	0.006136944	9.448981	
RIRL	910749	799321	0.06515991	0.06515991	0.006072023	10.73117	
RIRL	902543	805115	0.05705358	0.05705358	0.006222543	9.168853	
RIRL	902850	804686	0.05748869	0.05748869	0.005794191	9.921779	
RIRL	903787	802484	0.05937099	0.05937099	0.005786142	10.26089	
RIRL	898174	811044	0.05097653	0.05097653	0.006098408	8.35899	
RIRL	906343	807419	0.0577233	0.0577233	0.006040111	9.556662	
RIRL	904288	802238	0.05979985	0.05979985	0.005993496	9.977457	
RIRL	912665	805334	0.06247443	0.06247443	0.006018092	10.3811	
RIRL	913729	805676	0.06284325	0.06284325	0.006109162	10.28672	
RIRL	911553	792504	0.0698621	0.0698621	0.006069021	11.51126	
RIRL	901165	795869	0.06204708	0.06204708	0.006214378	9.984439	
RIRL	904330	798547	0.06212016	0.06212016	0.005790789	10.72741	
RIRL	902454	793573	0.06419768	0.06419768	0.005777463	11.11174	
RIRL	895047	799925	0.0561201	0.0561201	0.006054419	9.269279	
RIRL	904496	797809	0.06267208	0.06267208	0.005995199	10.45371	
RIRL	907811	797747	0.06453255	0.06453255	0.005989512	10.77426	
RIRL	913307	798165	0.06727659	0.06727659	0.006020351	11.17486	
RIRL	907226	818549	0.05138387	0.05138387	0.005893295	8.719039	
RIRL	907004	806758	0.0584947	0.0584947	0.00581261	10.06341	
RIRL	897564	811374	0.05043483	0.05043483	0.005954718	8.469727	
RIRL	899806	812930	0.05072352	0.05072352	0.005480503	9.255268	
RIRL	898018	808180	0.05265391	0.05265391	0.005465821	9.633304	
RIRL	891540	815987	0.04424703	0.04424703	0.005807103	7.619467	
RIRL	898733	811068	0.05127205	0.05127205	0.005726678	8.953192	
RIRL	900409	809441	0.05320233	0.05320233	0.005694026	9.343535	
RIRL	908323	812430	0.05572735	0.05572735	0.005765139	9.666262	
RIRL	903815	808922	0.0554043	0.0554043	0.006093578	9.092244	
RIRL	903824	798151	0.06208846	0.06208846	0.006030015	10.29657	
RIRL	898128	806145	0.05397199	0.05397199	0.006145156	8.78285	
RIRL	899933	807094	0.05438637	0.05438637	0.005716484	9.513955	
RIRL	896403	800544	0.05648909	0.05648909	0.005696408	9.916616	
RIRL	887511	805399	0.04850346	0.04850346	0.006015608	8.062937	
RIRL	897036	803486	0.05501252	0.05501252	0.0060067	9.158527	
RIRL	899470	802355	0.05706521	0.05706521	0.006023951	9.473053	
RIRL	901344	799108	0.06012284	0.06012284	0.005925498	10.14646	
RIRL	913939	804875	0.06345306	0.06345306	0.005988002	10.5967	
RIRL	910886	790654	0.0706607	0.0706607	0.005891343	11.99399	
RIRL	901890	795671	0.06257154	0.06257154	0.006051827	10.33928	
RIRL	904545	797568	0.06284953	0.06284953	0.005642579	11.13844	
RIRL	903375	793432	0.06479405	0.06479405	0.005621927	11.52524	
RIRL	896057	799816	0.05675012	0.05675012	0.005931812	9.56708	
RIRL	905962	798239	0.06321027	0.06321027	0.005893199	10.72597	
RIRL	907100	795634	0.06546296	0.06546296	0.005856362	11.17809	
RIRL	913122	796825	0.06801205	0.06801205	0.005883789	11.55923	
RIRL	905757	806599	0.05790735	0.05790735	0.005789452	10.00222	
RIRL	907478	797218	0.06468015	0.06468015	0.005623202	11.50237	
RIRL	896966	801013	0.05651012	0.05651012	0.005854618	9.65223	
RIRL	901014	804041	0.05687383	0.05687383	0.005378786	10.57373	
RIRL	897549	797431	0.05906736	0.05906736	0.005347789	11.04519	
RIRL	887789	802027	0.05075227	0.05075227	0.005624645	9.023195	
RIRL	898066	800276	0.05757969	0.05757969	0.005655477	10.18123	
RIRL	902518	801272	0.05942399	0.05942399	0.005689125	10.44519	
RIRL	906453	800429	0.0621156	0.0621156	0.005572761	11.14629	
RIRL	900903	818033	0.04821006	0.04821006	0.005920568	8.142809	
RIRL	902833	808846	0.05490924	0.05490924	0.005855177	9.377896	
RIRL	891723	811780	0.04692859	0.04692859	0.005992783	7.830852	
RIRL	895382	814596	0.04724388	0.04724388	0.005535996	8.533945	
RIRL	893418	809785	0.04910337	0.04910337	0.005541576	8.860903	
RIRL	882132	812313	0.04120464	0.04120464	0.005847411	7.046648	
RIRL	894841	812944	0.0479551	0.0479551	0.005783362	8.291907	
RIRL	896127	811312	0.04967381	0.04967381	0.005788983	8.580748	
RIRL	901340	811452	0.05248039	0.05248039	0.005769938	9.095486	
RIRL	915393	788117	0.07471397	0.07471397	0.00609351	12.26124	
RIRL	916951	785844	0.07699518	0.07699518	0.006120718	12.57943	
RIRL	912300	792430	0.07031612	0.07031612	0.006229457	11.28768	
RIRL	912477	790385	0.07169812	0.07169812	0.005921265	12.10858	
RIRL	911308	782314	0.07616458	0.07616458	0.005861701	12.9936	
RIRL	899984	785928	0.0676524	0.0676524	0.006119768	11.05473	
RIRL	910413	784548	0.07425835	0.07425835	0.006014192	12.34719	
RIRL	913040	791977	0.07100398	0.07100398	0.006113517	11.61426	
RIRL	916851	784678	0.07767896	0.07767896	0.00608647	12.76256	
RIRL	910155	801403	0.06353977	0.06353977	0.006146288	10.33791	
RIRL	910613	797789	0.06604066	0.06604066	0.006126846	10.7789	
RIRL	907323	805689	0.05933058	0.05933058	0.006340707	9.357093	
RIRL	907454	803810	0.06056576	0.06056576	0.005964789	10.15388	
RIRL	906366	795940	0.06486848	0.06486848	0.005921401	10.95492	
RIRL	890782	795345	0.05660131	0.05660131	0.006097703	9.282399	
RIRL	904570	796919	0.0632687	0.0632687	0.006023524	10.5036	
RIRL	904494	801868	0.06014316	0.06014316	0.006125713	9.818148	
RIRL	909319	795608	0.06669552	0.06669552	0.006109474	10.91674	
RIRL	924571	804632	0.06936086	0.06936086	0.006133694	11.30817	
RIRL	918624	794392	0.07252238	0.07252238	0.006071453	11.94482	
RIRL	913566	800410	0.06601959	0.06601959	0.006207921	10.63474	
RIRL	913776	798461	0.06734757	0.06734757	0.005917662	11.38077	
RIRL	914701	792422	0.0716287	0.0716287	0.005878568	12.18472	
RIRL	907019	800667	0.06227843	0.06227843	0.006015638	10.35275	
RIRL	916486	797860	0.06919607	0.06919607	0.005987983	11.55582	
RIRL	910321	796644	0.06659598	0.06659598	0.00590746	11.2732	
RIRL	921557	796330	0.07289595	0.07289595	0.006055221	12.03853	
RIRL	925676	795658	0.07553328	0.07553328	0.006168419	12.24516	
RIRL	920743	787022	0.07830176	0.07830176	0.006132371	12.76859	
RIRL	913271	790093	0.07231455	0.07231455	0.006217489	11.63083	
RIRL	915816	791152	0.07303242	0.07303242	0.005941042	12.29286	
RIRL	915034	783524	0.0774245	0.0774245	0.00595139	13.00948	
RIRL	905629	788978	0.06883661	0.06883661	0.006054701	11.36912	
RIRL	916329	787870	0.07537793	0.07537793	0.006037136	12.48571	
RIRL	916154	792354	0.07246088	0.07246088	0.00604752	11.98192	
RIRL	923366	788621	0.07870679	0.07870679	0.006057099	12.99414	
RIRL	915577	812067	0.05991396	0.05991396	0.005998785	9.987684	
RIRL	911378	803636	0.06282281	0.06282281	0.005852562	10.73424	
RIRL	905040	808357	0.05642767	0.05642767	0.006003535	9.399074	
RIRL	908109	809609	0.05734352	0.05734352	0.00570552	10.05053	
RIRL	906753	801010	0.06191901	0.06191901	0.00569055	10.88102	
RIRL	897863	808091	0.05262276	0.05262276	0.005859584	8.98063	
RIRL	907466	805075	0.05978893	0.05978893	0.005813762	10.28403	
RIRL	903564	806426	0.05680618	0.05680618	0.005770395	9.844417	
RIRL	914887	806095	0.06321507	0.06321507	0.005893612	10.72603	
RIRL	916457	796689	0.06991115	0.06991115	0.006134439	11.3965	
RIRL	915716	792173	0.07233667	0.07233667	0.0061469	11.76799	
RIRL	912253	799267	0.066015	0.066015	0.006276789	10.51732	
RIRL	913729	798795	0.0671138	0.0671138	0.005971435	11.23914	
RIRL	911962	790133	0.07157591	0.07157591	0.005906879	12.11738	
RIRL	898022	791440	0.06308636	0.06308636	0.006108981	10.32682	
RIRL	910027	791479	0.0696724	0.0696724	0.00600607	11.60033	
RIRL	908836	795261	0.0666482	0.0666482	0.006096216	10.93272	
RIRL	913829	788836	0.07341021	0.07341021	0.006072862	12.08824	
RIRL	921492	799547	0.07085545	0.07085545	0.006053735	11.70442	
RIRL	914014	788106	0.07397128	0.07397128	0.005930072	12.47393	
RIRL	908804	794000	0.06742056	0.06742056	0.006082109	11.08506	
RIRL	911685	795063	0.06832995	0.06832995	0.005866724	11.64704	
RIRL	911101	787737	0.07261669	0.07261669	0.005835758	12.4434	
RIRL	902340	793669	0.06407454	0.06407454	0.005982894	10.70962	
RIRL	913463	792837	0.07069449	0.07069449	0.005932332	11.91681	
RIRL	910298	794304	0.06804756	0.06804756	0.005925893	11.48309	
RIRL	918129	791238	0.07423274	0.07423274	0.005975192	12.42349	
RIRL	922086	794772	0.07415523	0.07415523	0.005900095	12.56848	
RIRL	920859	789629	0.0767208	0.0767208	0.005829393	13.16103	
RIRL	913260	792952	0.07051175	0.07051175	0.006018407	11.71602	
RIRL	917206	794949	0.07140533	0.07140533	0.00569905	12.52934	
RIRL	914407	785274	0.07597484	0.07597484	0.005631593	13.49083	
RIRL	902854	789021	0.06728216	0.06728216	0.00579958	11.60121	
RIRL	914568	788906	0.07376808	0.07376808	0.005779623	12.76348	
RIRL	914480	793463	0.07085541	0.07085541	0.005854913	12.10187	
RIRL	921749	789661	0.0771808	0.0771808	0.005780119	13.35281	
RIRL	915747	808168	0.06240389	0.06240389	0.005996019	10.40755	
RIRL	913595	801763	0.06519455	0.06519455	0.005888094	11.07227	
RIRL	905358	804407	0.05904379	0.05904379	0.006019877	9.808138	
RIRL	910000	807589	0.05962486	0.05962486	0.005744853	10.37883	
RIRL	909488	800103	0.06398314	0.06398314	0.00573318	11.16015	
RIRL	894307	800140	0.05557388	0.05557388	0.005855971	9.490122	
RIRL	909131	802783	0.06212228	0.06212228	0.005809152	10.69386	
RIRL	906756	805418	0.05918674	0.05918674	0.005853379	10.11155	
RIRL	915168	802645	0.06550364	0.06550364	0.005916004	11.07228	
