CWLH	747588	922066	-0.1044995	-0.1044995	0.00625437	-16.70824	
CWLH	751001	914158	-0.09798284	-0.09798284	0.005980509	-16.38369	
CWLH	744401	925822	-0.1086208	-0.1086208	0.006041293	-17.97973	
CWLH	745301	916350	-0.1029392	-0.1029392	0.00598904	-17.18793	
CWLH	745231	914400	-0.1019317	-0.1019317	0.005860851	-17.39196	
CWLH	742269	946041	-0.1206958	-0.1206958	0.006252036	-19.30505	
CWLH	741770	916821	-0.105542	-0.105542	0.006194968	-17.03673	
CWLH	739177	913614	-0.1055409	-0.1055409	0.006135755	-17.20096	
CWLH	744037	922271	-0.1069634	-0.1069634	0.006130906	-17.44659	
CWLH	742858	920816	-0.1069669	-0.1069669	0.006244288	-17.13035	
CWLH	747864	914428	-0.1002014	-0.1002014	0.005998942	-16.70318	
CWLH	742656	927485	-0.1106667	-0.1106667	0.006030123	-18.35231	
CWLH	742767	917172	-0.1050671	-0.1050671	0.005969798	-17.59978	
CWLH	741744	914511	-0.1043118	-0.1043118	0.005848926	-17.83436	
CWLH	740405	947614	-0.1227528	-0.1227528	0.006253468	-19.62955	
CWLH	738673	917328	-0.1078834	-0.1078834	0.006210198	-17.37197	
CWLH	738865	916709	-0.1074214	-0.1074214	0.006189653	-17.35499	
CWLH	741744	923372	-0.1090783	-0.1090783	0.006141094	-17.76203	
CWLH	748086	921265	-0.1037403	-0.1037403	0.006299568	-16.46785	
CWLH	749040	910831	-0.09747203	-0.09747203	0.006003617	-16.23555	
CWLH	744084	924108	-0.1079156	-0.1079156	0.006015213	-17.94045	
CWLH	746497	916287	-0.1021119	-0.1021119	0.005987219	-17.05498	
CWLH	745191	913279	-0.1013512	-0.1013512	0.005866965	-17.2749	
CWLH	742185	944429	-0.1199113	-0.1199113	0.006236847	-19.22626	
CWLH	742123	916052	-0.1048918	-0.1048918	0.006205372	-16.90339	
CWLH	740967	914045	-0.1045781	-0.1045781	0.006157242	-16.98457	
CWLH	745429	922024	-0.105907	-0.105907	0.006186295	-17.11962	
CWLH	745647	915144	-0.102058	-0.102058	0.006294624	-16.21352	
CWLH	752549	910430	-0.09493866	-0.09493866	0.006143597	-15.45327	
CWLH	751029	927172	-0.1049594	-0.1049594	0.006151007	-17.06378	
CWLH	750981	916831	-0.09944166	-0.09944166	0.006167607	-16.12322	
CWLH	748907	913226	-0.09886032	-0.09886032	0.005964952	-16.57353	
CWLH	746241	944788	-0.1174119	-0.1174119	0.006394387	-18.36172	
CWLH	745320	915349	-0.1023858	-0.1023858	0.00623792	-16.41346	
CWLH	747694	916921	-0.1016613	-0.1016613	0.006169984	-16.47676	
CWLH	743567	916595	-0.1042236	-0.1042236	0.006244158	-16.69137	
CWLH	748076	911814	-0.09864389	-0.09864389	0.006234088	-15.82331	
CWLH	752599	904795	-0.0918285	-0.0918285	0.006045544	-15.18945	
CWLH	749927	920285	-0.1019978	-0.1019978	0.006077622	-16.78252	
CWLH	753746	914119	-0.09615466	-0.09615466	0.006123921	-15.70149	
CWLH	750372	909091	-0.0956448	-0.0956448	0.005930266	-16.12825	
CWLH	746869	939727	-0.1143475	-0.1143475	0.006326894	-18.07324	
CWLH	748998	913322	-0.09885221	-0.09885221	0.006185323	-15.98174	
CWLH	750322	913875	-0.09827743	-0.09827743	0.006109862	-16.08505	
CWLH	746081	913559	-0.1009122	-0.1009122	0.006193269	-16.29386	
CWLH	746952	912630	-0.09983116	-0.09983116	0.00626442	-15.93622	
CWLH	753855	907674	-0.09257678	-0.09257678	0.006095244	-15.18836	
CWLH	750205	922679	-0.1030998	-0.1030998	0.006135045	-16.80506	
CWLH	750199	912465	-0.09759398	-0.09759398	0.006074387	-16.06647	
CWLH	749443	909825	-0.09665829	-0.09665829	0.005911659	-16.35045	
CWLH	749192	944151	-0.1151326	-0.1151326	0.00629909	-18.27766	
CWLH	745114	911233	-0.1002924	-0.1002924	0.006197495	-16.18273	
CWLH	749463	914894	-0.09939634	-0.09939634	0.006122714	-16.23403	
CWLH	746165	915625	-0.1019744	-0.1019744	0.006217313	-16.40168	
CWLH	759250	925723	-0.09879862	-0.09879862	0.006303437	-15.67377	
CWLH	763469	913140	-0.08927007	-0.08927007	0.006101153	-14.63167	
CWLH	758208	933677	-0.1037121	-0.1037121	0.006164803	-16.82327	
CWLH	757834	919484	-0.09637409	-0.09637409	0.006079833	-15.85144	
CWLH	756616	919843	-0.09736415	-0.09736415	0.005879524	-16.55987	
CWLH	756355	945694	-0.1112418	-0.1112418	0.006274265	-17.72985	
CWLH	751183	922560	-0.1023915	-0.1023915	0.006161624	-16.61761	
CWLH	751209	918813	-0.1003604	-0.1003604	0.006190425	-16.21219	
CWLH	758853	922830	-0.09750768	-0.09750768	0.006186731	-15.76078	
CWLH	754649	926161	-0.1020413	-0.1020413	0.006273231	-16.26614	
CWLH	760121	914858	-0.09238146	-0.09238146	0.006107311	-15.12637	
CWLH	755653	935925	-0.1065703	-0.1065703	0.006097332	-17.47819	
CWLH	754865	921408	-0.09935315	-0.09935315	0.006030002	-16.47647	
CWLH	752756	920931	-0.1004818	-0.1004818	0.005878767	-17.09232	
CWLH	754010	948208	-0.1140853	-0.1140853	0.006242378	-18.27593	
CWLH	747482	923869	-0.1055356	-0.1055356	0.006127966	-17.22196	
CWLH	750669	923086	-0.1030121	-0.1030121	0.006194929	-16.62845	
CWLH	755952	924631	-0.1003693	-0.1003693	0.006132867	-16.36581	
CWLH	759864	924576	-0.09778443	-0.09778443	0.006329562	-15.44885	
CWLH	761845	910057	-0.08864874	-0.08864874	0.006102733	-14.52607	
CWLH	757192	931077	-0.102996	-0.102996	0.006118552	-16.8334	
CWLH	758819	919074	-0.09550967	-0.09550967	0.006031668	-15.8347	
CWLH	756714	918350	-0.09649542	-0.09649542	0.005868223	-16.44372	
CWLH	755571	943128	-0.1104121	-0.1104121	0.00623243	-17.71575	
CWLH	750800	920518	-0.1015474	-0.1015474	0.006143629	-16.5289	
CWLH	752436	918212	-0.09922856	-0.09922856	0.00618675	-16.03888	
CWLH	759465	921821	-0.09656656	-0.09656656	0.006179888	-15.62594	
CWLH	754857	918948	-0.09803472	-0.09803472	0.006168091	-15.89385	
CWLH	763048	910138	-0.08791013	-0.08791013	0.006076799	-14.46652	
CWLH	762325	935380	-0.1019347	-0.1019347	0.006105329	-16.69602	
CWLH	761304	920387	-0.09459705	-0.09459705	0.006014137	-15.72911	
CWLH	757461	918104	-0.09587393	-0.09587393	0.005787489	-16.56572	
CWLH	756984	943196	-0.1095249	-0.1095249	0.006250925	-17.52139	
CWLH	752739	921556	-0.1008287	-0.1008287	0.006059027	-16.64107	
CWLH	756710	921712	-0.09830782	-0.09830782	0.006035991	-16.28694	
CWLH	756108	917424	-0.09639254	-0.09639254	0.006073358	-15.87138	
CWLH	759859	912617	-0.09133644	-0.09133644	0.006182722	-14.77285	
CWLH	766534	902473	-0.08144903	-0.08144903	0.006039164	-13.48681	
CWLH	763664	925171	-0.0956322	-0.0956322	0.006114317	-15.6407	
CWLH	766301	914754	-0.08830942	-0.08830942	0.006053996	-14.58697	
CWLH	761472	911676	-0.08977329	-0.08977329	0.005831616	-15.39424	
CWLH	761462	936102	-0.1028768	-0.1028768	0.006240805	-16.48455	
CWLH	758626	916134	-0.0940481	-0.0940481	0.006081775	-15.46392	
CWLH	762348	916096	-0.09160151	-0.09160151	0.005998019	-15.27196	
CWLH	761205	911607	-0.08990969	-0.08990969	0.006115573	-14.70176	
CWLH	754567	916870	-0.09710387	-0.09710387	0.006181243	-15.70944	
CWLH	763132	908092	-0.08673882	-0.08673882	0.006049586	-14.33798	
CWLH	758637	929662	-0.1013002	-0.1013002	0.006070379	-16.68762	
CWLH	759386	917291	-0.09417735	-0.09417735	0.005996513	-15.70535	
CWLH	757055	916649	-0.09535378	-0.09535378	0.005817064	-16.39208	
CWLH	758291	943192	-0.1086705	-0.1086705	0.006192778	-17.54794	
CWLH	750140	917075	-0.1001281	-0.1001281	0.006043492	-16.56791	
CWLH	756616	920276	-0.09759722	-0.09759722	0.006000552	-16.26471	
CWLH	756455	916644	-0.09574389	-0.09574389	0.006110657	-15.66835	
CWLH	755196	903591	-0.08945995	-0.08945995	0.005941816	-15.05599	
CWLH	756834	897508	-0.0850332	-0.0850332	0.005758075	-14.76765	
CWLH	754676	908427	-0.09244827	-0.09244827	0.005755514	-16.06256	
CWLH	749650	901624	-0.09203439	-0.09203439	0.005650695	-16.28727	
CWLH	751186	897098	-0.08852358	-0.08852358	0.005427403	-16.31049	
CWLH	754453	923377	-0.10068	-0.10068	0.006031293	-16.69295	
CWLH	749993	902791	-0.09244886	-0.09244886	0.005916598	-15.62534	
CWLH	744779	899895	-0.09431413	-0.09431413	0.005786264	-16.29966	
CWLH	754805	902964	-0.08937252	-0.08937252	0.005941052	-15.04322	
CWLH	750279	902407	-0.09204894	-0.09204894	0.005928247	-15.52718	
CWLH	754349	899019	-0.08750018	-0.08750018	0.005815571	-15.04585	
CWLH	753129	910823	-0.09477076	-0.09477076	0.005725965	-16.55105	
CWLH	747371	903190	-0.09440366	-0.09440366	0.005641674	-16.73327	
CWLH	748063	897900	-0.09103303	-0.09103303	0.005457569	-16.68014	
CWLH	753935	926558	-0.1027216	-0.1027216	0.006019039	-17.06612	
CWLH	746532	902947	-0.09482691	-0.09482691	0.005885254	-16.11263	
CWLH	744813	903528	-0.09628772	-0.09628772	0.005832905	-16.50768	
CWLH	752814	904744	-0.09165893	-0.09165893	0.005924123	-15.47215	
CWLH	752325	903160	-0.09111227	-0.09111227	0.005940145	-15.33839	
CWLH	752269	895611	-0.0869857	-0.0869857	0.005745643	-15.13942	
CWLH	751506	907602	-0.09408429	-0.09408429	0.005681382	-16.56011	
CWLH	747476	901874	-0.09361142	-0.09361142	0.005607905	-16.69276	
CWLH	748117	896651	-0.09030696	-0.09030696	0.005418256	-16.66716	
CWLH	751812	922841	-0.102128	-0.102128	0.005967927	-17.11281	
CWLH	746846	901897	-0.09404195	-0.09404195	0.005899654	-15.94025	
CWLH	743003	900339	-0.09574148	-0.09574148	0.005774438	-16.58023	
CWLH	752690	903016	-0.09079269	-0.09079269	0.005926119	-15.32077	
CWLH	748149	901332	-0.09286739	-0.09286739	0.005882377	-15.78739	
CWLH	750865	896308	-0.08829856	-0.08829856	0.005778654	-15.28013	
CWLH	756567	915228	-0.09490458	-0.09490458	0.005799495	-16.36428	
CWLH	748466	905227	-0.0947945	-0.0947945	0.005708999	-16.6044	
CWLH	747814	898495	-0.09152656	-0.09152656	0.005448744	-16.79773	
CWLH	750672	923918	-0.1034558	-0.1034558	0.006047359	-17.1076	
CWLH	746777	904457	-0.09549222	-0.09549222	0.005862371	-16.28901	
CWLH	746294	906172	-0.09675116	-0.09675116	0.00579908	-16.68388	
CWLH	749685	902462	-0.0924718	-0.0924718	0.005969554	-15.49057	
CWLH	753374	894225	-0.08548864	-0.08548864	0.005861687	-14.58431	
CWLH	754583	888282	-0.08138161	-0.08138161	0.005746551	-14.16182	
CWLH	757886	904617	-0.08825909	-0.08825909	0.005742523	-15.36939	
CWLH	753742	899234	-0.08801822	-0.08801822	0.005708013	-15.42011	
CWLH	752388	891964	-0.08488207	-0.08488207	0.005501889	-15.42781	
CWLH	754506	915258	-0.09627229	-0.09627229	0.005961544	-16.14889	
CWLH	753098	898551	-0.08806532	-0.08806532	0.005829782	-15.10611	
CWLH	751403	899345	-0.08962119	-0.08962119	0.005743509	-15.60391	
CWLH	754962	896045	-0.0854527	-0.0854527	0.005950217	-14.36127	
CWLH	747484	895961	-0.09034498	-0.09034498	0.005740926	-15.737	
CWLH	751236	892016	-0.08567158	-0.08567158	0.005625149	-15.2301	
CWLH	753266	907425	-0.09282823	-0.09282823	0.005648856	-16.4331	
CWLH	746441	899148	-0.09279778	-0.09279778	0.005510007	-16.84168	
CWLH	747747	894810	-0.08953297	-0.08953297	0.005330086	-16.79766	
CWLH	752297	920943	-0.1007901	-0.1007901	0.005823342	-17.30794	
CWLH	744644	897488	-0.09307656	-0.09307656	0.005680608	-16.38496	
CWLH	746827	902327	-0.09429077	-0.09429077	0.005625438	-16.7615	
CWLH	750679	899384	-0.0901208	-0.0901208	0.005877336	-15.33361	
CWLH	738754	888162	-0.0918351	-0.0918351	0.005858593	-15.67528	
CWLH	739516	880530	-0.08704321	-0.08704321	0.005656922	-15.38703	
CWLH	738870	886420	-0.0907838	-0.0907838	0.005658465	-16.04389	
CWLH	731789	887192	-0.09598816	-0.09598816	0.005527242	-17.36637	
CWLH	733138	884097	-0.09334389	-0.09334389	0.005381463	-17.34545	
CWLH	738051	902983	-0.1005049	-0.1005049	0.005907713	-17.01249	
CWLH	732510	883944	-0.09368284	-0.09368284	0.005741182	-16.31769	
CWLH	728790	883294	-0.09584116	-0.09584116	0.005798778	-16.52782	
CWLH	736346	885034	-0.0917046	-0.0917046	0.005788357	-15.84294	
CWLH	736577	885852	-0.09200711	-0.09200711	0.00588148	-15.64353	
CWLH	739768	880701	-0.0869705	-0.0869705	0.005678641	-15.31537	
CWLH	739521	887059	-0.09070442	-0.09070442	0.005622291	-16.133	
CWLH	732005	887396	-0.09595585	-0.09595585	0.005546193	-17.30121	
CWLH	732902	883973	-0.09343394	-0.09343394	0.005433692	-17.1953	
CWLH	739018	903850	-0.1003319	-0.1003319	0.00585041	-17.14954	
CWLH	731608	882834	-0.09367075	-0.09367075	0.005738517	-16.32316	
CWLH	731691	886036	-0.09540856	-0.09540856	0.005862509	-16.27436	
CWLH	737092	885535	-0.09148313	-0.09148313	0.005806685	-15.7548	
CWLH	739366	886655	-0.09058247	-0.09058247	0.005910777	-15.32497	
CWLH	739030	878067	-0.08597938	-0.08597938	0.005670137	-15.16355	
CWLH	739146	884975	-0.08978949	-0.08978949	0.005634645	-15.93525	
CWLH	733714	887403	-0.09480438	-0.09480438	0.005541616	-17.10772	
CWLH	733964	883210	-0.09228815	-0.09228815	0.00541421	-17.04554	
CWLH	737956	900986	-0.09947271	-0.09947271	0.00588456	-16.90402	
CWLH	732054	881286	-0.09249879	-0.09249879	0.005765326	-16.04398	
CWLH	730302	882655	-0.09445571	-0.09445571	0.005799916	-16.2857	
CWLH	738039	884331	-0.09017179	-0.09017179	0.005834315	-15.45542	
CWLH	738564	880189	-0.08749019	-0.08749019	0.005970497	-14.65375	
CWLH	742968	876104	-0.08222982	-0.08222982	0.00580955	-14.15425	
CWLH	749024	889004	-0.08545641	-0.08545641	0.005871675	-14.55401	
CWLH	739355	887051	-0.09081127	-0.09081127	0.00575289	-15.78533	
CWLH	738934	882039	-0.0882834	-0.0882834	0.005586794	-15.80216	
CWLH	742278	899101	-0.09554344	-0.09554344	0.006074089	-15.72967	
CWLH	737863	881693	-0.08880829	-0.08880829	0.005859795	-15.15553	
CWLH	738535	885364	-0.09041757	-0.09041757	0.005905705	-15.31021	
CWLH	738975	879519	-0.08683628	-0.08683628	0.005956168	-14.57922	
CWLH	743495	875149	-0.08133598	-0.08133598	0.006041858	-13.46208	
CWLH	746352	869755	-0.07635819	-0.07635819	0.005803652	-13.15692	
CWLH	749410	879713	-0.07998352	-0.07998352	0.005887478	-13.58536	
CWLH	744122	882372	-0.08499878	-0.08499878	0.00581683	-14.61256	
CWLH	742400	876055	-0.08258185	-0.08258185	0.005656862	-14.59853	
CWLH	746149	893281	-0.08974583	-0.08974583	0.006068441	-14.78894	
CWLH	743910	877921	-0.08262945	-0.08262945	0.00588727	-14.03527	
CWLH	743716	880700	-0.08432815	-0.08432815	0.005915387	-14.25573	
CWLH	743179	874008	-0.08089912	-0.08089912	0.005989891	-13.50594	
CWLH	739615	876355	-0.08461791	-0.08461791	0.005872236	-14.40983	
CWLH	744295	872388	-0.07923198	-0.07923198	0.005703359	-13.89216	
CWLH	747498	882501	-0.08282398	-0.08282398	0.005780911	-14.32715	
CWLH	738720	881626	-0.08819474	-0.08819474	0.005612463	-15.71409	
CWLH	739353	877930	-0.08568507	-0.08568507	0.005491207	-15.60405	
CWLH	745880	898272	-0.09268729	-0.09268729	0.005935248	-15.61642	
CWLH	736992	875696	-0.08600796	-0.08600796	0.005758305	-14.93633	
CWLH	740634	882636	-0.08747898	-0.08747898	0.005824816	-15.01833	
CWLH	741167	876940	-0.08390854	-0.08390854	0.005901483	-14.21821	
CWLH	757769	893939	-0.08244193	-0.08244193	0.00581399	-14.17992	
CWLH	757482	887718	-0.0791612	-0.0791612	0.005714748	-13.85209	
CWLH	759248	896055	-0.08264771	-0.08264771	0.005672151	-14.57079	
CWLH	752489	895406	-0.08672701	-0.08672701	0.005608897	-15.4624	
CWLH	753137	889605	-0.0830733	-0.0830733	0.005401091	-15.38084	
CWLH	755519	913731	-0.09478029	-0.09478029	0.00601683	-15.75253	
CWLH	752494	888954	-0.08313392	-0.08313392	0.005763788	-14.42349	
CWLH	746684	892823	-0.08913594	-0.08913594	0.005825013	-15.30227	
CWLH	757942	893281	-0.08196288	-0.08196288	0.005892641	-13.90936	
CWLH	753036	893846	-0.08550096	-0.08550096	0.005860995	-14.58813	
CWLH	754065	889137	-0.08220048	-0.08220048	0.005737613	-14.3266	
CWLH	758149	899765	-0.08541818	-0.08541818	0.005685348	-15.02427	
CWLH	749273	896936	-0.08969882	-0.08969882	0.005623442	-15.95087	
CWLH	749573	890864	-0.0861301	-0.0861301	0.005435895	-15.84469	
CWLH	754264	916812	-0.09727146	-0.09727146	0.00596554	-16.30556	
CWLH	749211	890446	-0.08613692	-0.08613692	0.005758481	-14.95827	
CWLH	747067	897834	-0.09165719	-0.09165719	0.005877283	-15.59516	
CWLH	755510	895365	-0.08471568	-0.08471568	0.005904117	-14.34858	
CWLH	754954	893431	-0.08400768	-0.08400768	0.005858096	-14.34044	
CWLH	753060	885899	-0.08105084	-0.08105084	0.005728099	-14.14969	
CWLH	756770	895997	-0.08423873	-0.08423873	0.005629498	-14.96381	
CWLH	750083	895617	-0.08843289	-0.08843289	0.005608278	-15.76828	
CWLH	750230	889379	-0.08486718	-0.08486718	0.005439552	-15.60187	
CWLH	752476	912932	-0.09634636	-0.09634636	0.005960036	-16.1654	
CWLH	748995	887986	-0.08490691	-0.08490691	0.005756122	-14.75072	
CWLH	745078	893484	-0.09057088	-0.09057088	0.00583786	-15.5144	
CWLH	755620	893180	-0.08343037	-0.08343037	0.005887767	-14.17012	
CWLH	748634	889780	-0.08614795	-0.08614795	0.005813777	-14.8179	
CWLH	751601	886990	-0.08262526	-0.08262526	0.005798763	-14.24877	
CWLH	761047	902847	-0.08522177	-0.08522177	0.005827436	-14.62423	
CWLH	750418	898244	-0.08966422	-0.08966422	0.005710032	-15.70293	
CWLH	749285	890537	-0.08613862	-0.08613862	0.005505653	-15.64549	
CWLH	752205	915151	-0.09772718	-0.09772718	0.006101422	-16.01712	
CWLH	749639	891155	-0.08624849	-0.08624849	0.005786994	-14.90385	
CWLH	748501	899568	-0.09166303	-0.09166303	0.005908214	-15.51451	
CWLH	751035	891031	-0.08525601	-0.08525601	0.005950632	-14.32722	
CWLH	752206	883824	-0.08044963	-0.08044963	0.005763069	-13.95951	
CWLH	753593	879899	-0.07732269	-0.07732269	0.005676622	-13.62125	
CWLH	760416	893394	-0.08040706	-0.08040706	0.005682115	-14.1509	
CWLH	753306	892681	-0.08467564	-0.08467564	0.005661855	-14.95546	
CWLH	752507	885398	-0.08113474	-0.08113474	0.005500619	-14.75011	
CWLH	753787	907032	-0.09227074	-0.09227074	0.005938514	-15.53768	
CWLH	754032	886206	-0.08058221	-0.08058221	0.005712188	-14.10707	
CWLH	751451	893139	-0.086154	-0.086154	0.005742614	-15.00257	
CWLH	753774	884858	-0.079996	-0.079996	0.005880237	-13.60421	
CWLH	751464	883472	-0.080742	-0.080742	0.005726821	-14.09892	
CWLH	755014	881285	-0.07716866	-0.07716866	0.005700473	-13.53724	
CWLH	761257	894242	-0.08032925	-0.08032925	0.005722727	-14.03688	
CWLH	751385	890942	-0.08497516	-0.08497516	0.005559768	-15.28394	
CWLH	752860	886119	-0.08130611	-0.08130611	0.005427171	-14.98131	
CWLH	756704	910587	-0.09229523	-0.09229523	0.005922193	-15.58464	
CWLH	750337	882871	-0.08114949	-0.08114949	0.005675622	-14.2979	
CWLH	750869	893110	-0.08652239	-0.08652239	0.005749155	-15.04959	
CWLH	754297	885801	-0.08018057	-0.08018057	0.005883501	-13.62804	
CWLH	746976	915296	-0.101259	-0.101259	0.006235082	-16.2402	
CWLH	748845	904775	-0.09429615	-0.09429615	0.005975915	-15.77937	
CWLH	746762	910856	-0.09899386	-0.09899386	0.006103597	-16.21894	
CWLH	743112	913166	-0.1026724	-0.1026724	0.005979175	-17.17166	
CWLH	743236	909686	-0.1007005	-0.1007005	0.005762402	-17.47543	
CWLH	744413	926339	-0.1088887	-0.1088887	0.00625822	-17.39931	
CWLH	740842	906519	-0.1005712	-0.1005712	0.006141347	-16.37607	
CWLH	738745	906376	-0.1018958	-0.1018958	0.006116579	-16.65896	
CWLH	748166	904939	-0.09483548	-0.09483548	0.006184653	-15.334	
CWLH	740096	915377	-0.1058797	-0.1058797	0.006180086	-17.1324	
CWLH	744373	907597	-0.09880567	-0.09880567	0.006006881	-16.44875	
CWLH	743245	914426	-0.103266	-0.103266	0.006078911	-16.98758	
CWLH	738854	915883	-0.1069832	-0.1069832	0.005929793	-18.04163	
CWLH	738063	911740	-0.1052714	-0.1052714	0.005782625	-18.20477	
CWLH	740140	929171	-0.1132389	-0.1132389	0.006221066	-18.2025	
CWLH	735776	908503	-0.1050473	-0.1050473	0.006087276	-17.25686	
CWLH	736822	911817	-0.1061451	-0.1061451	0.006127214	-17.32355	
CWLH	743844	907676	-0.09920074	-0.09920074	0.006152548	-16.12352	
CWLH	746086	913685	-0.1009772	-0.1009772	0.006266842	-16.11293	
CWLH	747550	903069	-0.09421859	-0.09421859	0.006013592	-15.66761	
CWLH	746846	910317	-0.09864509	-0.09864509	0.006096018	-16.18189	
CWLH	743994	913507	-0.1022702	-0.1022702	0.005970687	-17.12872	
CWLH	742711	908726	-0.1005276	-0.1005276	0.005819416	-17.27452	
CWLH	743550	924860	-0.1086723	-0.1086723	0.006268281	-17.33686	
CWLH	740473	905587	-0.1003086	-0.1003086	0.006167684	-16.26358	
CWLH	740034	907160	-0.101461	-0.101461	0.006179711	-16.41841	
CWLH	748471	904771	-0.09454151	-0.09454151	0.006186737	-15.28132	
CWLH	744244	905610	-0.09780623	-0.09780623	0.006229885	-15.69953	
CWLH	752680	901693	-0.09007219	-0.09007219	0.006226591	-14.46573	
CWLH	755598	912328	-0.093967	-0.093967	0.006263102	-15.00327	
CWLH	749543	912530	-0.09806248	-0.09806248	0.006188155	-15.8468	
CWLH	747837	907339	-0.09636558	-0.09636558	0.005936259	-16.23339	
CWLH	749113	923813	-0.1044278	-0.1044278	0.006416082	-16.27595	
CWLH	746410	904823	-0.09593619	-0.09593619	0.006247196	-15.35668	
CWLH	746842	907510	-0.09711839	-0.09711839	0.006250425	-15.53789	
CWLH	750916	900630	-0.09065082	-0.09065082	0.006299773	-14.38954	
CWLH	745076	905931	-0.09742842	-0.09742842	0.006256396	-15.57261	
CWLH	749763	898250	-0.09010062	-0.09010062	0.006171971	-14.59835	
CWLH	750723	907028	-0.09428738	-0.09428738	0.006159608	-15.30737	
CWLH	748468	911396	-0.09815744	-0.09815744	0.006171303	-15.90546	
CWLH	745904	905162	-0.09645768	-0.09645768	0.005928515	-16.27013	
CWLH	746761	920856	-0.1043975	-0.1043975	0.006313304	-16.53611	
CWLH	746414	904379	-0.09569037	-0.09569037	0.006213444	-15.40054	
CWLH	747132	907207	-0.0967607	-0.0967607	0.006214405	-15.57039	
CWLH	748981	898289	-0.09063966	-0.09063966	0.006232339	-14.54344	
CWLH	744951	905421	-0.09723262	-0.09723262	0.006218338	-15.63643	
CWLH	752040	900010	-0.08956751	-0.08956751	0.006195031	-14.45796	
CWLH	751442	907376	-0.09400308	-0.09400308	0.00619158	-15.18241	
CWLH	746437	908978	-0.09818746	-0.09818746	0.006084571	-16.13712	
CWLH	745903	904894	-0.09631166	-0.09631166	0.0058241	-16.53674	
CWLH	749225	923089	-0.1039661	-0.1039661	0.006282482	-16.54857	
CWLH	743282	900970	-0.09590257	-0.09590257	0.006144461	-15.60797	
CWLH	746437	906325	-0.09673988	-0.09673988	0.006203282	-15.59495	
CWLH	749488	898629	-0.09049176	-0.09049176	0.006219418	-14.54988	
CWLH	809714	889505	-0.04695746	-0.04695746	0.006732964	-6.974262	
CWLH	811464	880225	-0.04064636	-0.04064636	0.006536467	-6.218399	
CWLH	808497	888108	-0.04692371	-0.04692371	0.006531292	-7.184445	
CWLH	802856	886541	-0.04953543	-0.04953543	0.006454408	-7.674666	
CWLH	804162	881775	-0.04603553	-0.04603553	0.006237752	-7.380148	
CWLH	811188	896375	-0.04988806	-0.04988806	0.006736999	-7.405086	
CWLH	801295	884145	-0.0491563	-0.0491563	0.00662391	-7.42104	
CWLH	799779	884324	-0.0502018	-0.0502018	0.006671352	-7.524981	
CWLH	806070	884808	-0.04656634	-0.04656634	0.00664144	-7.011483	
CWLH	802502	889775	-0.05157134	-0.05157134	0.006627562	-7.781344	
CWLH	804897	881298	-0.04530971	-0.04530971	0.006472057	-7.00082	
CWLH	803571	890934	-0.05155665	-0.05155665	0.006392407	-8.065295	
CWLH	797183	888286	-0.05405202	-0.05405202	0.006384798	-8.465736	
CWLH	797809	883056	-0.05071615	-0.05071615	0.00618488	-8.200021	
CWLH	806764	899340	-0.05426164	-0.05426164	0.006644117	-8.16687	
CWLH	793771	884089	-0.05382928	-0.05382928	0.006493658	-8.289516	
CWLH	797083	888997	-0.05451343	-0.05451343	0.006604149	-8.254421	
CWLH	801119	887352	-0.05107165	-0.05107165	0.006583977	-7.756961	
CWLH	810456	886239	-0.04466507	-0.04466507	0.006671663	-6.694743	
CWLH	811298	876111	-0.03840977	-0.03840977	0.006488439	-5.919725	
CWLH	810069	885727	-0.04461504	-0.04461504	0.006522623	-6.840045	
CWLH	805753	885313	-0.04704725	-0.04704725	0.006421366	-7.326673	
CWLH	806138	879910	-0.04375439	-0.04375439	0.006206471	-7.049801	
CWLH	812480	893683	-0.04759393	-0.04759393	0.006657682	-7.148723	
CWLH	801456	880250	-0.04685361	-0.04685361	0.006543697	-7.160113	
CWLH	802851	883259	-0.04768847	-0.04768847	0.006596678	-7.229164	
CWLH	809031	883620	-0.04406638	-0.04406638	0.006618247	-6.658316	
CWLH	817433	873758	-0.03330493	-0.03330493	0.00679267	-4.903069	
CWLH	822995	867902	-0.02655809	-0.02655809	0.006688452	-3.970738	
CWLH	827843	883790	-0.03268633	-0.03268633	0.006733659	-4.85417	
CWLH	821272	880946	-0.03505661	-0.03505661	0.006744078	-5.198133	
CWLH	819383	873080	-0.03172713	-0.03172713	0.006491409	-4.887557	
CWLH	825184	886308	-0.03571387	-0.03571387	0.006921773	-5.159642	
CWLH	816453	875738	-0.03503446	-0.03503446	0.006757086	-5.184848	
CWLH	819347	879852	-0.03560795	-0.03560795	0.006779288	-5.252462	
CWLH	819054	873862	-0.03237491	-0.03237491	0.006817425	-4.748847	
CWLH	819829	872177	-0.03093842	-0.03093842	0.006737065	-4.592271	
CWLH	822086	863385	-0.02450294	-0.02450294	0.006617662	-3.702658	
CWLH	824194	876700	-0.03086965	-0.03086965	0.006629375	-4.656495	
CWLH	821928	878481	-0.03325847	-0.03325847	0.006694391	-4.96811	
CWLH	819561	869914	-0.02980393	-0.02980393	0.006459522	-4.613953	
CWLH	824393	881765	-0.03362643	-0.03362643	0.006788837	-4.953194	
CWLH	818447	873746	-0.0326789	-0.0326789	0.00664898	-4.914873	
CWLH	820433	876917	-0.03327776	-0.03327776	0.006677297	-4.983717	
CWLH	818710	869748	-0.03022758	-0.03022758	0.006746325	-4.4806	
CWLH	822391	871281	-0.02886627	-0.02886627	0.006859183	-4.208413	
CWLH	826203	863762	-0.02222472	-0.02222472	0.006712799	-3.310798	
CWLH	828878	877357	-0.02841285	-0.02841285	0.006774633	-4.194006	
CWLH	822524	875335	-0.03110447	-0.03110447	0.00675168	-4.606923	
CWLH	822789	869724	-0.02773095	-0.02773095	0.006541206	-4.239425	
CWLH	829911	883771	-0.0314294	-0.0314294	0.006852691	-4.586432	
CWLH	817475	869397	-0.03078005	-0.03078005	0.006724376	-4.577383	
CWLH	822472	875766	-0.03138194	-0.03138194	0.006790396	-4.621518	
CWLH	822900	870749	-0.02825202	-0.02825202	0.006829493	-4.136767	
CWLH	746458	918336	-0.1032428	-0.1032428	0.006144613	-16.80217	
CWLH	751330	911486	-0.09631613	-0.09631613	0.005941962	-16.20948	
CWLH	747663	923288	-0.1051048	-0.1051048	0.006075715	-17.29917	
CWLH	744298	918124	-0.1045619	-0.1045619	0.005967796	-17.52102	
CWLH	744738	915466	-0.1028356	-0.1028356	0.005750484	-17.88294	
CWLH	746128	932758	-0.111163	-0.111163	0.006114057	-18.18154	
CWLH	740396	913370	-0.104594	-0.104594	0.006071221	-17.22784	
CWLH	739716	908690	-0.1025075	-0.1025075	0.006023706	-17.01735	
CWLH	747091	912131	-0.09946831	-0.09946831	0.006074023	-16.37602	
CWLH	740412	917761	-0.1069545	-0.1069545	0.006109363	-17.50665	
CWLH	747249	913057	-0.09986593	-0.09986593	0.0059587	-16.75969	
CWLH	744455	925701	-0.1085204	-0.1085204	0.006039158	-17.96946	
CWLH	739864	919110	-0.1080463	-0.1080463	0.005937598	-18.19697	
CWLH	739947	916397	-0.1065298	-0.1065298	0.005731254	-18.58752	
CWLH	743296	935372	-0.1144217	-0.1144217	0.006077145	-18.8282	
CWLH	735293	913745	-0.1082158	-0.1082158	0.005991524	-18.06148	
CWLH	738207	912556	-0.1056172	-0.1056172	0.006062345	-17.42184	
CWLH	743822	914693	-0.1030265	-0.1030265	0.006024819	-17.10035	
CWLH	746346	916537	-0.1023469	-0.1023469	0.006141568	-16.66463	
CWLH	750644	909186	-0.09551701	-0.09551701	0.005963867	-16.01595	
CWLH	747906	922091	-0.1043026	-0.1043026	0.006018871	-17.32926	
CWLH	746076	918337	-0.1034965	-0.1034965	0.005967619	-17.34302	
CWLH	745517	914742	-0.1019269	-0.1019269	0.00574632	-17.73777	
CWLH	746394	931360	-0.1102462	-0.1102462	0.00608334	-18.12264	
CWLH	739033	910450	-0.1039217	-0.1039217	0.006031909	-17.22865	
CWLH	741908	909229	-0.1013368	-0.1013368	0.006014113	-16.84984	
CWLH	748339	911887	-0.09850948	-0.09850948	0.00607715	-16.20982	
CWLH	749208	911404	-0.09767242	-0.09767242	0.006203892	-15.74373	
CWLH	755744	905956	-0.09039658	-0.09039658	0.006085074	-14.85546	
CWLH	757342	923025	-0.09859929	-0.09859929	0.006215289	-15.86399	
CWLH	754005	917609	-0.09787188	-0.09787188	0.006195499	-15.79726	
CWLH	751204	911877	-0.09661165	-0.09661165	0.005908438	-16.35147	
CWLH	752214	928582	-0.1049312	-0.1049312	0.006277322	-16.71592	
CWLH	747863	910800	-0.09823394	-0.09823394	0.006184197	-15.88467	
CWLH	751145	909873	-0.09556067	-0.09556067	0.006166807	-15.49597	
CWLH	751736	906511	-0.09333652	-0.09333652	0.006150953	-15.17432	
CWLH	754588	906363	-0.09137837	-0.09137837	0.006225753	-14.67748	
CWLH	758305	898448	-0.08458895	-0.08458895	0.006095634	-13.87697	
CWLH	759049	914486	-0.09287944	-0.09287944	0.006253606	-14.85214	
CWLH	758645	912476	-0.09205258	-0.09205258	0.006226702	-14.78352	
CWLH	755030	905534	-0.09063427	-0.09063427	0.005970671	-15.17991	
CWLH	755977	921839	-0.09885589	-0.09885589	0.006269631	-15.76742	
CWLH	753729	906699	-0.09212685	-0.09212685	0.00618755	-14.88907	
CWLH	756242	904615	-0.0893352	-0.0893352	0.006150696	-14.52441	
CWLH	756070	900740	-0.0873184	-0.0873184	0.006168549	-14.15542	
CWLH	748532	909543	-0.09710719	-0.09710719	0.006115929	-15.87775	
CWLH	754278	903267	-0.08988534	-0.08988534	0.005986635	-15.01434	
CWLH	754055	918833	-0.09849912	-0.09849912	0.006095818	-16.15847	
CWLH	751014	914145	-0.09796722	-0.09796722	0.006031585	-16.24237	
CWLH	749796	909820	-0.0964223	-0.0964223	0.005789488	-16.65472	
CWLH	753403	928821	-0.1042774	-0.1042774	0.006104501	-17.08206	
CWLH	745378	907399	-0.09802956	-0.09802956	0.006031566	-16.25275	
CWLH	750425	908261	-0.09515725	-0.09515725	0.006041796	-15.74983	
CWLH	751841	906125	-0.09305619	-0.09305619	0.006070207	-15.32999	
CWLH	751608	920317	-0.100907	-0.100907	0.006260748	-16.11741	
CWLH	750523	914990	-0.09874855	-0.09874855	0.006006365	-16.44065	
CWLH	748355	924589	-0.1053436	-0.1053436	0.006038541	-17.44521	
CWLH	744748	918439	-0.1044326	-0.1044326	0.005930656	-17.60895	
CWLH	747165	913862	-0.1003578	-0.1003578	0.005759476	-17.42481	
CWLH	749832	933970	-0.1093585	-0.1093585	0.006275112	-17.42733	
CWLH	745260	914369	-0.1018957	-0.1018957	0.00617723	-16.49537	
CWLH	740319	914441	-0.1052249	-0.1052249	0.006132641	-17.15818	
CWLH	750499	914678	-0.09859552	-0.09859552	0.006213888	-15.86696	
CWLH	745108	919756	-0.1049023	-0.1049023	0.006184648	-16.96172	
CWLH	745879	916032	-0.1023839	-0.1023839	0.005993971	-17.08115	
CWLH	744757	926654	-0.1088284	-0.1088284	0.005941369	-18.31706	
CWLH	740242	919535	-0.1080223	-0.1080223	0.005877436	-18.37916	
CWLH	741862	914134	-0.1040292	-0.1040292	0.005713267	-18.20836	
CWLH	745928	935749	-0.112876	-0.112876	0.006156546	-18.33431	
CWLH	739269	914110	-0.1057477	-0.1057477	0.006078045	-17.39831	
CWLH	738279	918105	-0.1085654	-0.1085654	0.006094313	-17.81422	
CWLH	746981	917068	-0.1022127	-0.1022127	0.006156867	-16.60142	
CWLH	751318	918119	-0.09991452	-0.09991452	0.006236624	-16.02061	
CWLH	750647	912900	-0.09753436	-0.09753436	0.00602528	-16.18752	
CWLH	748726	922990	-0.1042426	-0.1042426	0.00595662	-17.50029	
CWLH	746717	918279	-0.1030405	-0.1030405	0.005938459	-17.35138	
CWLH	748605	913025	-0.09895103	-0.09895103	0.00576726	-17.15737	
CWLH	749460	931362	-0.108222	-0.108222	0.006193589	-17.47324	
CWLH	744000	911079	-0.1009493	-0.1009493	0.006066754	-16.63975	
CWLH	742803	914710	-0.1037138	-0.1037138	0.006067592	-17.09308	
CWLH	751876	913887	-0.09725933	-0.09725933	0.006163617	-15.77959	
CWLH	747688	913864	-0.1000125	-0.1000125	0.006166286	-16.21925	
CWLH	750492	911691	-0.0969803	-0.0969803	0.006081632	-15.94643	
CWLH	754159	927372	-0.1030091	-0.1030091	0.006010008	-17.13959	
CWLH	748585	919096	-0.1022444	-0.1022444	0.006006222	-17.02307	
CWLH	749027	912642	-0.09846425	-0.09846425	0.005793533	-16.99555	
CWLH	750001	931161	-0.1077588	-0.1077588	0.006193142	-17.3997	
CWLH	747268	913325	-0.09999861	-0.09999861	0.006049763	-16.52934	
CWLH	746727	917723	-0.1027342	-0.1027342	0.006028613	-17.04111	
CWLH	750023	911049	-0.09694101	-0.09694101	0.006176285	-15.69568	
CWLH	754172	907269	-0.09214712	-0.09214712	0.006168431	-14.9385	
CWLH	755282	903824	-0.08953135	-0.08953135	0.006062246	-14.76868	
CWLH	755611	915855	-0.09587033	-0.09587033	0.005975421	-16.04411	
CWLH	754968	913329	-0.09492375	-0.09492375	0.00609088	-15.58457	
CWLH	754340	905760	-0.09121137	-0.09121137	0.005916311	-15.41693	
CWLH	753614	921499	-0.1002231	-0.1002231	0.006145905	-16.3073	
CWLH	753405	906425	-0.09219016	-0.09219016	0.006031396	-15.28504	
CWLH	752317	910318	-0.09503048	-0.09503048	0.005991149	-15.86181	
CWLH	754943	903788	-0.08973426	-0.08973426	0.00616558	-14.55407	
CWLH	749697	909684	-0.09641366	-0.09641366	0.006127744	-15.73396	
CWLH	753023	908242	-0.09343422	-0.09343422	0.006036291	-15.47875	
CWLH	752827	920283	-0.1000867	-0.1000867	0.005947862	-16.82733	
CWLH	748215	913303	-0.09935974	-0.09935974	0.005914092	-16.80051	
CWLH	750135	908642	-0.09555655	-0.09555655	0.005789345	-16.50559	
CWLH	752188	927395	-0.1043158	-0.1043158	0.006070193	-17.18492	
CWLH	745557	905557	-0.09690427	-0.09690427	0.005948857	-16.28956	
CWLH	748707	913891	-0.09935294	-0.09935294	0.005975263	-16.62737	
CWLH	751668	907741	-0.09405336	-0.09405336	0.00613807	-15.32295	
