WHLL	762310	908833	-0.08767831	-0.08767831	0.006161372	-14.23032	
WHLL	764518	899433	-0.08108111	-0.08108111	0.005901953	-13.73802	
WHLL	763951	917153	-0.09113178	-0.09113178	0.0060578	-15.04371	
WHLL	762380	905433	-0.08577281	-0.08577281	0.005916158	-14.49806	
WHLL	760242	901369	-0.08493384	-0.08493384	0.005765901	-14.73037	
WHLL	759441	934447	-0.1033162	-0.1033162	0.006162622	-16.76497	
WHLL	758505	905834	-0.08852103	-0.08852103	0.006023126	-14.69686	
WHLL	759308	905682	-0.08791284	-0.08791284	0.006021506	-14.59981	
WHLL	761297	910966	-0.08950087	-0.08950087	0.006092009	-14.69152	
WHLL	759946	908854	-0.08923058	-0.08923058	0.006159638	-14.48634	
WHLL	763007	900119	-0.08244234	-0.08244234	0.005976417	-13.79461	
WHLL	763588	918607	-0.09215281	-0.09215281	0.006044728	-15.24516	
WHLL	760920	906254	-0.08717386	-0.08717386	0.005926923	-14.70812	
WHLL	758918	902423	-0.08637902	-0.08637902	0.005807451	-14.87383	
WHLL	757188	934169	-0.1046385	-0.1046385	0.00616078	-16.98461	
WHLL	757426	907023	-0.08987779	-0.08987779	0.006070413	-14.80588	
WHLL	756971	905700	-0.08945185	-0.08945185	0.006026075	-14.84413	
WHLL	761317	913275	-0.0907433	-0.0907433	0.006107221	-14.85836	
WHLL	760000	908802	-0.08916696	-0.08916696	0.00620616	-14.36749	
WHLL	763079	899974	-0.08231548	-0.08231548	0.006066603	-13.56863	
WHLL	761961	916898	-0.09228708	-0.09228708	0.006112746	-15.09748	
WHLL	760765	905728	-0.08698686	-0.08698686	0.005979883	-14.54658	
WHLL	757900	901112	-0.08632367	-0.08632367	0.005858549	-14.73465	
WHLL	757147	933970	-0.1045599	-0.1045599	0.006235686	-16.76798	
WHLL	755059	904518	-0.09005849	-0.09005849	0.006131368	-14.68816	
WHLL	756828	905479	-0.08942452	-0.08942452	0.006119952	-14.61196	
WHLL	757929	909527	-0.09091574	-0.09091574	0.006149851	-14.78341	
WHLL	776117	908950	-0.07882951	-0.07882951	0.00620653	-12.70106	
WHLL	779462	895643	-0.06935744	-0.06935744	0.006023966	-11.51359	
WHLL	778584	920142	-0.08333186	-0.08333186	0.00612778	-13.59903	
WHLL	776538	904830	-0.07630215	-0.07630215	0.005971688	-12.77732	
WHLL	774051	903617	-0.07722982	-0.07722982	0.005818445	-13.27328	
WHLL	777568	932441	-0.09056853	-0.09056853	0.006227329	-14.54372	
WHLL	770308	908099	-0.0820963	-0.0820963	0.006002623	-13.67674	
WHLL	773100	907325	-0.07987563	-0.07987563	0.00606324	-13.17375	
WHLL	778355	908208	-0.07699268	-0.07699268	0.006147934	-12.52334	
WHLL	774832	908608	-0.07946586	-0.07946586	0.006280144	-12.65351	
WHLL	777999	894870	-0.06986261	-0.06986261	0.006137423	-11.38305	
WHLL	779432	921583	-0.08356834	-0.08356834	0.00616838	-13.54786	
WHLL	775849	905248	-0.07697295	-0.07697295	0.006043112	-12.7373	
WHLL	773435	904253	-0.07797517	-0.07797517	0.00592244	-13.16605	
WHLL	776375	932047	-0.09112034	-0.09112034	0.006278475	-14.51313	
WHLL	770207	908986	-0.08264625	-0.08264625	0.006099952	-13.54867	
WHLL	770873	906194	-0.08068908	-0.08068908	0.006131097	-13.16063	
WHLL	779293	910283	-0.07752833	-0.07752833	0.006199506	-12.50556	
WHLL	775497	909454	-0.07950202	-0.07950202	0.0063118	-12.59578	
WHLL	777201	894474	-0.07015299	-0.07015299	0.006162507	-11.38384	
WHLL	777116	919568	-0.08395906	-0.08395906	0.006202444	-13.53645	
WHLL	776410	905726	-0.07687607	-0.07687607	0.006101188	-12.60018	
WHLL	772168	902924	-0.078059	-0.078059	0.005962355	-13.09197	
WHLL	776088	931583	-0.09105677	-0.09105677	0.00629558	-14.4636	
WHLL	767684	906521	-0.08292712	-0.08292712	0.006127117	-13.53444	
WHLL	771526	906880	-0.08064437	-0.08064437	0.006181641	-13.04579	
WHLL	776334	907083	-0.07766881	-0.07766881	0.006212912	-12.50119	
WHLL	761880	891073	-0.07815891	-0.07815891	0.005706474	-13.69653	
WHLL	764892	886892	-0.07385954	-0.07385954	0.005607031	-13.17266	
WHLL	767158	901439	-0.08047539	-0.08047539	0.005593389	-14.38759	
WHLL	758877	892119	-0.08070401	-0.08070401	0.005528388	-14.59811	
WHLL	760321	887384	-0.07711514	-0.07711514	0.005371452	-14.35648	
WHLL	764586	913299	-0.08863122	-0.08863122	0.00575983	-15.38782	
WHLL	757432	891159	-0.08111593	-0.08111593	0.005611681	-14.45484	
WHLL	758435	894748	-0.08245488	-0.08245488	0.00561644	-14.68099	
WHLL	765974	894513	-0.07741042	-0.07741042	0.005802668	-13.34049	
WHLL	762253	890331	-0.07750166	-0.07750166	0.005790779	-13.38363	
WHLL	764826	885543	-0.07314546	-0.07314546	0.00570237	-12.8272	
WHLL	769123	902050	-0.07954114	-0.07954114	0.005719917	-13.90599	
WHLL	760024	892289	-0.08004839	-0.08004839	0.005648532	-14.17154	
WHLL	761642	887895	-0.07653845	-0.07653845	0.005510234	-13.89024	
WHLL	764394	911857	-0.08797191	-0.08797191	0.005848126	-15.04275	
WHLL	758895	891563	-0.08038254	-0.08038254	0.00570994	-14.07765	
WHLL	758226	893463	-0.081878	-0.081878	0.005693239	-14.38162	
WHLL	769130	896515	-0.07647788	-0.07647788	0.005912641	-12.93464	
WHLL	760754	891434	-0.07909512	-0.07909512	0.00585092	-13.51841	
WHLL	762195	885603	-0.07489267	-0.07489267	0.005748127	-13.02906	
WHLL	765213	900654	-0.08130361	-0.08130361	0.00573991	-14.16461	
WHLL	757389	892013	-0.08161988	-0.08161988	0.005665188	-14.40727	
WHLL	757718	886312	-0.07821877	-0.07821877	0.005489476	-14.24886	
WHLL	763151	913227	-0.08952396	-0.08952396	0.005894159	-15.18859	
WHLL	754148	889258	-0.0822134	-0.0822134	0.005734455	-14.33674	
WHLL	755810	893579	-0.08352729	-0.08352729	0.005721057	-14.59998	
WHLL	764190	893873	-0.07821355	-0.07821355	0.005922928	-13.20522	
WHLL	752610	872375	-0.07370222	-0.07370222	0.00587791	-12.53885	
WHLL	754538	866275	-0.06893886	-0.06893886	0.005622585	-12.26106	
WHLL	759142	876817	-0.07193029	-0.07193029	0.00564198	-12.74912	
WHLL	748970	875082	-0.07765269	-0.07765269	0.005601162	-13.86367	
WHLL	749340	870902	-0.07502706	-0.07502706	0.005480887	-13.68885	
WHLL	756435	890921	-0.08163748	-0.08163748	0.00587461	-13.89666	
WHLL	749160	871376	-0.07541702	-0.07541702	0.005678311	-13.28159	
WHLL	750178	875199	-0.07691815	-0.07691815	0.00574604	-13.38629	
WHLL	755052	873299	-0.07261764	-0.07261764	0.005832896	-12.44967	
WHLL	752077	871194	-0.07338085	-0.07338085	0.005919235	-12.39702	
WHLL	753841	864634	-0.06845518	-0.06845518	0.005705944	-11.99717	
WHLL	759337	876083	-0.07138594	-0.07138594	0.005716214	-12.48833	
WHLL	748715	874293	-0.07737362	-0.07737362	0.005663483	-13.66184	
WHLL	749745	870769	-0.07468248	-0.07468248	0.005553647	-13.44746	
WHLL	755335	888966	-0.08126918	-0.08126918	0.005903677	-13.76586	
WHLL	749654	871196	-0.07498658	-0.07498658	0.005732655	-13.0806	
WHLL	749127	873498	-0.07664802	-0.07664802	0.005768221	-13.28798	
WHLL	755977	873692	-0.07223246	-0.07223246	0.005857267	-12.33211	
WHLL	751595	871959	-0.07413612	-0.07413612	0.005974577	-12.4086	
WHLL	752587	864427	-0.06916452	-0.06916452	0.005753349	-12.02161	
WHLL	756916	874685	-0.07218002	-0.07218002	0.005759339	-12.53269	
WHLL	747801	874385	-0.07803298	-0.07803298	0.005702014	-13.68516	
WHLL	747794	869862	-0.0754598	-0.0754598	0.005566688	-13.5556	
WHLL	754733	889468	-0.08194558	-0.08194558	0.005955426	-13.75982	
WHLL	746145	868720	-0.07590418	-0.07590418	0.005772447	-13.14939	
WHLL	747812	873519	-0.07753321	-0.07753321	0.005820486	-13.32075	
WHLL	752306	871040	-0.07314152	-0.07314152	0.005884791	-12.42891	
WHLL	762524	882741	-0.07306847	-0.07306847	0.005676237	-12.87269	
WHLL	764301	878880	-0.06972999	-0.06972999	0.005622715	-12.40148	
WHLL	770053	890501	-0.07253483	-0.07253483	0.005598398	-12.95636	
WHLL	760183	887503	-0.077272	-0.077272	0.005546868	-13.93075	
WHLL	760500	881150	-0.07349313	-0.07349313	0.0054064	-13.59373	
WHLL	764255	905683	-0.08469057	-0.08469057	0.005830914	-14.52441	
WHLL	759802	880258	-0.07344609	-0.07344609	0.005539679	-13.25819	
WHLL	758907	889121	-0.07901201	-0.07901201	0.005662954	-13.95244	
WHLL	766864	885672	-0.07189435	-0.07189435	0.005779515	-12.43951	
WHLL	764789	880358	-0.07024843	-0.07024843	0.005752003	-12.21286	
WHLL	766068	875809	-0.06683875	-0.06683875	0.005727006	-11.6708	
WHLL	774245	889943	-0.06952219	-0.06952219	0.005709519	-12.17654	
WHLL	763400	886086	-0.07437832	-0.07437832	0.005677426	-13.10071	
WHLL	763737	880149	-0.07081513	-0.07081513	0.005542733	-12.77621	
WHLL	766001	902515	-0.08181762	-0.08181762	0.005891321	-13.88782	
WHLL	762840	878624	-0.07053703	-0.07053703	0.005627648	-12.53402	
WHLL	760856	886635	-0.07634579	-0.07634579	0.005753206	-13.27013	
WHLL	771829	886291	-0.06903119	-0.06903119	0.005884349	-11.73132	
WHLL	764318	881056	-0.07094922	-0.07094922	0.005820319	-12.18992	
WHLL	764599	875636	-0.06769579	-0.06769579	0.005779391	-11.71331	
WHLL	771382	888099	-0.07033344	-0.07033344	0.005773893	-12.18129	
WHLL	762460	886138	-0.07502011	-0.07502011	0.005731668	-13.0887	
WHLL	761587	878829	-0.0714709	-0.0714709	0.005562948	-12.84767	
WHLL	765897	903692	-0.08253229	-0.08253229	0.005964239	-13.83786	
WHLL	759639	876599	-0.07148104	-0.07148104	0.00568273	-12.57865	
WHLL	759726	886563	-0.07704419	-0.07704419	0.005815068	-13.24906	
WHLL	767903	883130	-0.06979085	-0.06979085	0.005906003	-11.81694	
WHLL	759721	903616	-0.08650983	-0.08650983	0.006066854	-14.25942	
WHLL	761175	893084	-0.07973903	-0.07973903	0.005897408	-13.52103	
WHLL	766018	905169	-0.08326477	-0.08326477	0.006075297	-13.70546	
WHLL	757946	903438	-0.08757277	-0.08757277	0.005853612	-14.96047	
WHLL	757216	899120	-0.08567344	-0.08567344	0.005705689	-15.01544	
WHLL	759355	916235	-0.09362672	-0.09362672	0.006054973	-15.46278	
WHLL	755808	897312	-0.08559814	-0.08559814	0.005884831	-14.54556	
WHLL	755308	898799	-0.08674832	-0.08674832	0.005926594	-14.63713	
WHLL	763660	895416	-0.07941529	-0.07941529	0.005996663	-13.24325	
WHLL	760223	904303	-0.08655918	-0.08655918	0.006136669	-14.10524	
WHLL	760587	892432	-0.07976012	-0.07976012	0.00600219	-13.2885	
WHLL	766902	906117	-0.08321185	-0.08321185	0.006112265	-13.61391	
WHLL	758697	904621	-0.08773067	-0.08773067	0.00594998	-14.7447	
WHLL	757588	899941	-0.08588266	-0.08588266	0.005822684	-14.74967	
WHLL	759654	916664	-0.09366361	-0.09366361	0.006126381	-15.28857	
WHLL	757390	899069	-0.08553124	-0.08553124	0.0060003	-14.2545	
WHLL	754745	898236	-0.08680741	-0.08680741	0.005995303	-14.47924	
WHLL	766042	898049	-0.07932679	-0.07932679	0.006085474	-13.03543	
WHLL	760293	904921	-0.0868525	-0.0868525	0.00614609	-14.13134	
WHLL	760020	892400	-0.0801128	-0.0801128	0.006112928	-13.10547	
WHLL	764620	904305	-0.08369759	-0.08369759	0.006169843	-13.5656	
WHLL	757747	904142	-0.08808952	-0.08808952	0.005981422	-14.72719	
WHLL	755636	898393	-0.08630864	-0.08630864	0.005835272	-14.79085	
WHLL	758874	916322	-0.09398781	-0.09398781	0.006153583	-15.27367	
WHLL	754096	896224	-0.08612148	-0.08612148	0.006013812	-14.32061	
WHLL	754421	898522	-0.08717844	-0.08717844	0.006089625	-14.3159	
WHLL	762773	895240	-0.07989503	-0.07989503	0.006118101	-13.0588	
WHLL	822407	876850	-0.0320393	-0.0320393	0.006496185	-4.932018	
WHLL	822937	866947	-0.02604321	-0.02604321	0.00628117	-4.146235	
WHLL	826825	880767	-0.03158951	-0.03158951	0.006424042	-4.917389	
WHLL	818678	876947	-0.03436432	-0.03436432	0.006259221	-5.490191	
WHLL	818846	871186	-0.03096983	-0.03096983	0.006072287	-5.100192	
WHLL	827208	886404	-0.03454458	-0.03454458	0.006483136	-5.328375	
WHLL	815606	873366	-0.03419832	-0.03419832	0.006332446	-5.400491	
WHLL	818511	877662	-0.03487321	-0.03487321	0.006439459	-5.41555	
WHLL	823614	876716	-0.03123041	-0.03123041	0.006465119	-4.830601	
WHLL	823292	875941	-0.03098398	-0.03098398	0.006575805	-4.711816	
WHLL	823034	865139	-0.02494116	-0.02494116	0.006407679	-3.892386	
WHLL	829060	881394	-0.03059656	-0.03059656	0.006504533	-4.703882	
WHLL	819603	876310	-0.03343745	-0.03343745	0.006363042	-5.254947	
WHLL	820296	871184	-0.0300849	-0.0300849	0.006192201	-4.858514	
WHLL	827994	885437	-0.03352513	-0.03352513	0.006560734	-5.109966	
WHLL	817394	873291	-0.03306175	-0.03306175	0.006443758	-5.130817	
WHLL	818891	876437	-0.03394387	-0.03394387	0.006528823	-5.19908	
WHLL	826938	878566	-0.0302714	-0.0302714	0.006533654	-4.633151	
WHLL	824596	875468	-0.02992358	-0.02992358	0.0066246	-4.51704	
WHLL	823985	864313	-0.02388678	-0.02388678	0.006448907	-3.704004	
WHLL	828057	878449	-0.02952934	-0.02952934	0.006533393	-4.519756	
WHLL	820855	875633	-0.03228906	-0.03228906	0.006380265	-5.06077	
WHLL	819787	868648	-0.02893863	-0.02893863	0.006208846	-4.660871	
WHLL	829464	884909	-0.03234127	-0.03234127	0.006605018	-4.89647	
WHLL	816253	870256	-0.03202058	-0.03202058	0.006464813	-4.953056	
WHLL	819582	875295	-0.03287141	-0.03287141	0.006581457	-4.994549	
WHLL	824529	874027	-0.02914122	-0.02914122	0.006530385	-4.462405	
WHLL	763173	906286	-0.08572418	-0.08572418	0.005880519	-14.57766	
WHLL	767149	898729	-0.07898538	-0.07898538	0.0057712	-13.68613	
WHLL	769178	915843	-0.08704046	-0.08704046	0.005954792	-14.61688	
WHLL	762520	907137	-0.0866148	-0.0866148	0.005755449	-15.04918	
WHLL	761837	903487	-0.08505852	-0.08505852	0.005566704	-15.27987	
WHLL	765822	922848	-0.09298797	-0.09298797	0.005942166	-15.64883	
WHLL	758752	903140	-0.0868817	-0.0868817	0.005732733	-15.15537	
WHLL	761908	902163	-0.08428426	-0.08428426	0.005824948	-14.46953	
WHLL	767404	903617	-0.08151483	-0.08151483	0.005860029	-13.91031	
WHLL	763081	907376	-0.08638055	-0.08638055	0.006021843	-14.34454	
WHLL	765368	898217	-0.07985706	-0.07985706	0.005913271	-13.50472	
WHLL	769389	917058	-0.08756219	-0.08756219	0.006080918	-14.3995	
WHLL	761721	907782	-0.08748771	-0.08748771	0.005864225	-14.91889	
WHLL	761777	904994	-0.08592482	-0.08592482	0.005694363	-15.08945	
WHLL	763898	922438	-0.09401448	-0.09401448	0.006018272	-15.62151	
WHLL	758825	904304	-0.08747307	-0.08747307	0.005871738	-14.8973	
WHLL	760611	902130	-0.08511187	-0.08511187	0.005931831	-14.34833	
WHLL	768682	906261	-0.08213951	-0.08213951	0.005947069	-13.81176	
WHLL	765172	906671	-0.08463654	-0.08463654	0.00610001	-13.87482	
WHLL	766703	896638	-0.07811687	-0.07811687	0.005995647	-13.02893	
WHLL	769140	914032	-0.08608271	-0.08608271	0.006147609	-14.00263	
WHLL	763762	906871	-0.08566154	-0.08566154	0.005923887	-14.46036	
WHLL	762075	902257	-0.08422719	-0.08422719	0.005743505	-14.66477	
WHLL	766270	921759	-0.09211275	-0.09211275	0.006078517	-15.15382	
WHLL	758183	900863	-0.08600123	-0.08600123	0.005929504	-14.50395	
WHLL	761109	899747	-0.08347382	-0.08347382	0.005969494	-13.9834	
WHLL	767916	902419	-0.08052457	-0.08052457	0.00600777	-13.4034	
WHLL	770311	903623	-0.07963994	-0.07963994	0.006051566	-13.16022	
WHLL	770258	899291	-0.07728614	-0.07728614	0.005855399	-13.19912	
WHLL	772707	913363	-0.0834224	-0.0834224	0.005924539	-14.08083	
WHLL	765984	903999	-0.08264455	-0.08264455	0.005851814	-14.12289	
WHLL	766323	897242	-0.07869786	-0.07869786	0.005675799	-13.86551	
WHLL	771607	919530	-0.08746955	-0.08746955	0.006034048	-14.496	
WHLL	766115	900075	-0.08039899	-0.08039899	0.00588144	-13.66995	
WHLL	765284	904181	-0.08319851	-0.08319851	0.005941117	-14.00385	
WHLL	774058	902684	-0.07671186	-0.07671186	0.006106792	-12.56173	
WHLL	775004	900644	-0.07497995	-0.07497995	0.006155869	-12.18024	
WHLL	773797	895175	-0.07272621	-0.07272621	0.00598315	-12.15517	
WHLL	778801	911627	-0.07857537	-0.07857537	0.006027089	-13.03703	
WHLL	770702	901392	-0.07815948	-0.07815948	0.005978112	-13.07428	
WHLL	772055	895875	-0.07423573	-0.07423573	0.005840967	-12.70949	
WHLL	774586	914903	-0.08305292	-0.08305292	0.006125812	-13.55786	
WHLL	771108	897377	-0.07567883	-0.07567883	0.006010263	-12.5916	
WHLL	767894	899314	-0.0788264	-0.0788264	0.006046618	-13.03644	
WHLL	780367	901685	-0.072125	-0.072125	0.006218464	-11.59852	
WHLL	773727	902755	-0.07696355	-0.07696355	0.00617755	-12.45859	
WHLL	771911	896762	-0.07482053	-0.07482053	0.006015839	-12.43726	
WHLL	775131	911266	-0.08072536	-0.08072536	0.006059188	-13.3228	
WHLL	768668	902428	-0.08004328	-0.08004328	0.00597082	-13.40574	
WHLL	768452	895265	-0.0762227	-0.0762227	0.005827969	-13.07878	
WHLL	773393	917155	-0.0850387	-0.0850387	0.006146366	-13.8356	
WHLL	766859	896418	-0.07789382	-0.07789382	0.006003013	-12.97579	
WHLL	766441	901226	-0.08082249	-0.08082249	0.006048814	-13.36171	
WHLL	776077	900184	-0.07403799	-0.07403799	0.006218957	-11.90521	
