BROC	873875	830888	0.02521582	0.02521582	0.005399069	4.670402	
BROC	864030	811046	0.0316308	0.0316308	0.005429959	5.825238	
BROC	867591	822674	0.02657394	0.02657394	0.005341382	4.975105	
BROC	884645	838654	0.02668777	0.02668777	0.005103292	5.22952	
BROC	877497	820999	0.03326355	0.03326355	0.00522929	6.361006	
BROC	881952	834470	0.02766336	0.02766336	0.005224486	5.294944	
BROC	872481	841425	0.01812001	0.01812001	0.005304957	3.415676	
BROC	863714	822546	0.02441379	0.02441379	0.00533524	4.57595	
BROC	868379	836211	0.0188714	0.0188714	0.005278037	3.575458	
BROC	865690	828162	0.02215542	0.02215542	0.005270213	4.203894	
BROC	871554	843545	0.01633084	0.01633084	0.00531914	3.070203	
BROC	881547	837288	0.02574942	0.02574942	0.005232024	4.921502	
BROC	871210	817033	0.03209076	0.03209076	0.005238836	6.125551	
BROC	877635	832066	0.0266532	0.0266532	0.005233871	5.092445	
BROC	884583	846051	0.02226467	0.02226467	0.005444934	4.089062	
BROC	874364	825174	0.02894316	0.02894316	0.005479006	5.282557	
BROC	879028	838235	0.02375466	0.02375466	0.005395365	4.40279	
BROC	877940	830394	0.02783179	0.02783179	0.005388132	5.165388	
BROC	870765	813798	0.03381708	0.03381708	0.005512583	6.134525	
BROC	871918	822367	0.02924597	0.02924597	0.00533755	5.479286	
BROC	870490	825636	0.02644497	0.02644497	0.005240317	5.046445	
BROC	862103	806837	0.03311443	0.03311443	0.005281009	6.270474	
BROC	863582	819393	0.02625648	0.02625648	0.005268037	4.984111	
BROC	879460	837480	0.02445048	0.02445048	0.005097436	4.796622	
BROC	873558	820130	0.03154536	0.03154536	0.005175251	6.095427	
BROC	875481	833841	0.02436054	0.02436054	0.005194772	4.689433	
BROC	881703	830518	0.02989392	0.02989392	0.00517555	5.775989	
BROC	874559	812648	0.03669437	0.03669437	0.005224131	7.024015	
BROC	877150	826325	0.02983607	0.02983607	0.005213349	5.723014	
BROC	881179	842385	0.02250801	0.02250801	0.005303536	4.243963	
BROC	872223	821900	0.02970445	0.02970445	0.005292038	5.613047	
BROC	876191	837828	0.0223819	0.0223819	0.005317425	4.209161	
BROC	880259	833485	0.02729346	0.02729346	0.005172676	5.276468	
BROC	871298	813464	0.0343277	0.0343277	0.005181564	6.624968	
BROC	876319	829805	0.02726297	0.02726297	0.005182852	5.260224	
BROC	891089	839528	0.02979342	0.02979342	0.005419308	5.497643	
BROC	883274	820351	0.03693477	0.03693477	0.005461772	6.762415	
BROC	885280	833436	0.03016438	0.03016438	0.005435518	5.549494	
BROC	873609	829185	0.02608889	0.02608889	0.005324631	4.899661	
BROC	867390	812426	0.03272025	0.03272025	0.005326383	6.143053	
BROC	868182	823223	0.02658086	0.02658086	0.005285811	5.02872	
BROC	867861	836244	0.01855343	0.01855343	0.005282757	3.512074	
BROC	860570	812242	0.02889028	0.02889028	0.005256707	5.495888	
BROC	864066	826489	0.02222761	0.02222761	0.005192449	4.280757	
BROC	888054	841434	0.02695595	0.02695595	0.005234245	5.149922	
BROC	883918	820327	0.0373133	0.0373133	0.005256844	7.098041	
BROC	887708	834562	0.03085811	0.03085811	0.005237162	5.892144	
BROC	877791	841128	0.0213291	0.0213291	0.005252877	4.060461	
BROC	871990	818604	0.03157825	0.03157825	0.005250685	6.01412	
BROC	876002	833448	0.02489339	0.02489339	0.005187354	4.798861	
BROC	868098	826495	0.02455044	0.02455044	0.005291037	4.640005	
BROC	874570	844774	0.01732987	0.01732987	0.005292058	3.274693	
BROC	884772	837325	0.02755187	0.02755187	0.005314364	5.184416	
BROC	878722	813716	0.03840968	0.03840968	0.00525329	7.311547	
BROC	884088	830161	0.03145809	0.03145809	0.005255919	5.985269	
BROC	890248	846764	0.02503379	0.02503379	0.005533662	4.523911	
BROC	883410	821856	0.03609642	0.03609642	0.005528852	6.528737	
BROC	887739	836756	0.02956402	0.02956402	0.00539774	5.477111	
BROC	877159	836353	0.02381425	0.02381425	0.005570599	4.274989	
BROC	872040	814796	0.03393572	0.03393572	0.005567032	6.095838	
BROC	874439	826859	0.02796688	0.02796688	0.005477643	5.105641	
BROC	869856	832511	0.0219371	0.0219371	0.005166495	4.246032	
BROC	860231	814780	0.02713475	0.02713475	0.005184245	5.234079	
BROC	863803	828125	0.02108719	0.02108719	0.005161215	4.085702	
BROC	889728	834578	0.03198388	0.03198388	0.00498409	6.417195	
BROC	882708	819180	0.03732796	0.03732796	0.005130073	7.276301	
BROC	886139	832685	0.03109917	0.03109917	0.00513951	6.050999	
BROC	878660	837442	0.02401839	0.02401839	0.005070153	4.737211	
BROC	870962	821467	0.02924495	0.02924495	0.005129548	5.701272	
BROC	874595	835004	0.02315806	0.02315806	0.005169384	4.479849	
BROC	880073	843719	0.02108955	0.02108955	0.005067319	4.161876	
BROC	870668	825458	0.02665486	0.02665486	0.005118374	5.207681	
BROC	876350	841364	0.02036777	0.02036777	0.005140319	3.962355	
BROC	881331	835143	0.02690865	0.02690865	0.005088301	5.288338	
BROC	872111	818004	0.0320138	0.0320138	0.005132279	6.237735	
BROC	877337	832891	0.02598835	0.02598835	0.005115957	5.07986	
BROC	892133	839610	0.03032956	0.03032956	0.005258522	5.767696	
BROC	882794	821757	0.03580826	0.03580826	0.005350359	6.692683	
BROC	886546	835010	0.02993571	0.02993571	0.005309174	5.638487	
BROC	882608	827339	0.03232205	0.03232205	0.005263544	6.14074	
BROC	875551	812908	0.03710069	0.03710069	0.005296974	7.00413	
BROC	877239	823180	0.03179158	0.03179158	0.005293862	6.005365	
BROC	871289	826441	0.02641645	0.02641645	0.005038031	5.243407	
BROC	862029	810714	0.03067716	0.03067716	0.00515827	5.947179	
BROC	864711	821247	0.02578	0.02578	0.005041434	5.113625	
BROC	887971	830124	0.03366927	0.03366927	0.004843205	6.951856	
BROC	881673	816783	0.03820529	0.03820529	0.005025281	7.602617	
BROC	884442	827816	0.03307095	0.03307095	0.004989136	6.628593	
BROC	879924	832531	0.02767547	0.02767547	0.00499977	5.535349	
BROC	871822	817936	0.03188977	0.03188977	0.005106254	6.245239	
BROC	875199	829355	0.02689501	0.02689501	0.005058568	5.316724	
BROC	881432	838810	0.02477675	0.02477675	0.005008996	4.94645	
BROC	872292	822307	0.02949665	0.02949665	0.005089732	5.795325	
BROC	877193	835702	0.02422273	0.02422273	0.005045362	4.800991	
BROC	879063	832348	0.02729619	0.02729619	0.004985186	5.475461	
BROC	870404	817229	0.03150863	0.03150863	0.005059051	6.22817	
BROC	875285	829978	0.02656892	0.02656892	0.004993318	5.320896	
BROC	891227	835157	0.03247829	0.03247829	0.005209326	6.234643	
BROC	882223	819146	0.03707426	0.03707426	0.00531695	6.972844	
BROC	885334	829742	0.03241372	0.03241372	0.00521935	6.210299	
BROC	882827	822802	0.0351923	0.0351923	0.005138839	6.848297	
BROC	875446	809403	0.03919817	0.03919817	0.005213523	7.518557	
BROC	877316	818192	0.03487096	0.03487096	0.005147379	6.774509	
BROC	862179	820571	0.02472619	0.02472619	0.005295209	4.66954	
BROC	886061	850442	0.02051191	0.02051191	0.005213237	3.934583	
BROC	880352	828505	0.03034016	0.03034016	0.005260417	5.767635	
BROC	881426	846559	0.02017784	0.02017784	0.005233561	3.85547	
BROC	880197	851124	0.01679238	0.01679238	0.005415533	3.10078	
BROC	873642	828971	0.02623673	0.02623673	0.005402114	4.856753	
BROC	874752	846390	0.01647859	0.01647859	0.005395066	3.054382	
BROC	875315	833429	0.02451274	0.02451274	0.005319411	4.608168	
BROC	884487	848707	0.02064397	0.02064397	0.005254162	3.929069	
BROC	875559	824388	0.03010153	0.03010153	0.005238987	5.745677	
BROC	878618	843921	0.02014294	0.02014294	0.00526187	3.828095	
BROC	874015	835738	0.02238744	0.02238744	0.005418693	4.131521	
BROC	876069	845058	0.01801785	0.01801785	0.005435511	3.314839	
BROC	870783	824708	0.02717502	0.02717502	0.005483454	4.955822	
BROC	869469	838604	0.01807007	0.01807007	0.005403734	3.343997	
BROC	878490	828083	0.02953697	0.02953697	0.005466247	5.40352	
BROC	868671	806814	0.03691886	0.03691886	0.005409615	6.824675	
BROC	873149	817545	0.03288827	0.03288827	0.005309825	6.193852	
BROC	888068	837464	0.02932661	0.02932661	0.005124528	5.722792	
BROC	881259	818164	0.03712731	0.03712731	0.005220006	7.112503	
BROC	886708	830660	0.03263599	0.03263599	0.005141179	6.347958	
BROC	875307	839941	0.02061859	0.02061859	0.005276919	3.907317	
BROC	867380	820041	0.02805405	0.02805405	0.005285502	5.307737	
BROC	872784	831990	0.02392927	0.02392927	0.00525595	4.552796	
BROC	882294	843175	0.02267152	0.02267152	0.005257883	4.31191	
BROC	873052	821529	0.03040457	0.03040457	0.00522671	5.817152	
BROC	881005	836524	0.02589825	0.02589825	0.005277434	4.907357	
BROC	883259	834385	0.02845409	0.02845409	0.005248956	5.420905	
BROC	874235	813703	0.03586151	0.03586151	0.005260603	6.816996	
BROC	881932	827724	0.03170696	0.03170696	0.005217282	6.077295	
BROC	887697	844324	0.02504184	0.02504184	0.005432982	4.609227	
BROC	878107	821893	0.03306706	0.03306706	0.00537506	6.151942	
BROC	883118	833630	0.0288266	0.0288266	0.005304452	5.434416	
BROC	881708	828327	0.03121632	0.03121632	0.005465892	5.711112	
BROC	875523	810827	0.03836452	0.03836452	0.005534947	6.931325	
BROC	878082	818798	0.03493706	0.03493706	0.005378279	6.495955	
BROC	869686	831547	0.02241845	0.02241845	0.005372262	4.173	
BROC	861111	811201	0.02984491	0.02984491	0.005405429	5.521284	
BROC	862309	825985	0.02151521	0.02151521	0.005425019	3.965923	
BROC	882970	839348	0.02532749	0.02532749	0.005256879	4.817972	
BROC	876263	820407	0.03292096	0.03292096	0.005315174	6.193768	
BROC	877193	835541	0.02431901	0.02431901	0.00531838	4.572635	
BROC	875244	840792	0.0200765	0.0200765	0.005381805	3.73044	
BROC	868080	821528	0.02755195	0.02755195	0.005398721	5.103422	
BROC	869196	836981	0.01888139	0.01888139	0.005442134	3.469484	
BROC	881730	845496	0.02097815	0.02097815	0.005462559	3.840352	
BROC	872175	823000	0.0290088	0.0290088	0.005407308	5.364741	
BROC	876229	841965	0.01994187	0.01994187	0.005525409	3.609121	
BROC	885252	832844	0.03050353	0.03050353	0.005274622	5.783074	
BROC	876108	811854	0.03806602	0.03806602	0.005263612	7.231921	
BROC	879565	829548	0.02926489	0.02926489	0.005296255	5.525581	
BROC	886432	842844	0.02520592	0.02520592	0.005503607	4.579891	
BROC	878019	821811	0.03306684	0.03306684	0.005465373	6.050243	
BROC	879649	837420	0.02459365	0.02459365	0.005438938	4.521775	
BROC	877002	830139	0.02745116	0.02745116	0.005403409	5.080341	
BROC	871549	813175	0.034649	0.034649	0.005458406	6.347823	
BROC	870284	824900	0.02677231	0.02677231	0.005391444	4.965704	
BROC	868281	830580	0.02219193	0.02219193	0.005311275	4.178267	
BROC	858999	810050	0.02932748	0.02932748	0.005302194	5.531197	
BROC	862341	822800	0.02346451	0.02346451	0.005232385	4.484476	
BROC	888162	831329	0.03305222	0.03305222	0.005069302	6.520074	
BROC	881606	813455	0.04020563	0.04020563	0.005179127	7.763013	
BROC	883690	825380	0.03411797	0.03411797	0.005061854	6.740212	
BROC	873741	837420	0.02122594	0.02122594	0.005339019	3.975625	
BROC	866996	819817	0.02796931	0.02796931	0.005387067	5.191937	
BROC	868780	831085	0.02217529	0.02217529	0.005233926	4.236837	
BROC	877690	846369	0.01816701	0.01816701	0.005279653	3.440948	
BROC	868597	825080	0.0256938	0.0256938	0.005280185	4.86608	
BROC	872894	840068	0.0191633	0.0191633	0.005206184	3.680872	
BROC	878960	833791	0.02637219	0.02637219	0.005198969	5.072581	
BROC	871361	815156	0.03332608	0.03332608	0.005152967	6.467358	
BROC	875653	829091	0.02731319	0.02731319	0.00511085	5.344158	
BROC	885457	840956	0.02577657	0.02577657	0.005499136	4.687385	
BROC	877680	821020	0.03335492	0.03335492	0.005518158	6.044574	
BROC	879790	832716	0.02748837	0.02748837	0.005410654	5.080416	
BROC	876651	829371	0.02771359	0.02771359	0.005443166	5.091447	
BROC	869894	811497	0.03473136	0.03473136	0.005508775	6.304734	
BROC	871041	821420	0.02931884	0.02931884	0.005349641	5.480526	
RIRL	878605	795922	0.04937693	0.04937693	0.006048142	8.163983	
RIRL	875777	796203	0.04759267	0.04759267	0.00593093	8.024488	
RIRL	928879	802735	0.07284764	0.07284764	0.005872753	12.40434	
RIRL	925489	790075	0.07893264	0.07893264	0.005967466	13.22716	
RIRL	925601	797553	0.07431025	0.07431025	0.005890411	12.61546	
RIRL	865045	788901	0.04603778	0.04603778	0.006006487	7.664676	
RIRL	861990	794293	0.04087285	0.04087285	0.006020142	6.789349	
RIRL	883612	799945	0.04969657	0.04969657	0.006098475	8.149016	
RIRL	874843	788117	0.05215159	0.05215159	0.005899674	8.83974	
RIRL	870738	810672	0.03572359	0.03572359	0.00612241	5.83489	
RIRL	864938	808446	0.03375914	0.03375914	0.006008345	5.618709	
RIRL	918482	815451	0.0594204	0.0594204	0.005922738	10.03259	
RIRL	914576	801715	0.06575866	0.06575866	0.00603526	10.89575	
RIRL	916589	811518	0.06080121	0.06080121	0.005956682	10.20723	
RIRL	855663	802453	0.03209064	0.03209064	0.006140342	5.226197	
RIRL	854255	809405	0.02695863	0.02695863	0.006153567	4.380977	
RIRL	877276	816490	0.03588807	0.03588807	0.006158219	5.827671	
RIRL	865357	801403	0.03837025	0.03837025	0.005976012	6.420712	
RIRL	864636	815705	0.02911968	0.02911968	0.005989115	4.862101	
RIRL	860181	815210	0.02684209	0.02684209	0.00585279	4.586205	
RIRL	911752	820225	0.05284539	0.05284539	0.005842411	9.045134	
RIRL	908290	806608	0.05929332	0.05929332	0.005940668	9.980918	
RIRL	909515	816203	0.05407141	0.05407141	0.005856351	9.232952	
RIRL	847780	805370	0.02565405	0.02565405	0.006026988	4.25653	
RIRL	851243	817477	0.02023467	0.02023467	0.006117047	3.307915	
RIRL	863612	814085	0.02952083	0.02952083	0.005935557	4.973556	
RIRL	856787	804632	0.03139184	0.03139184	0.005859333	5.357579	
RIRL	866550	804848	0.0369164	0.0369164	0.006007417	6.145137	
RIRL	863561	805057	0.03506135	0.03506135	0.005920776	5.921749	
RIRL	919835	814429	0.06077852	0.06077852	0.005955547	10.20536	
RIRL	913585	799004	0.06690514	0.06690514	0.006015928	11.12133	
RIRL	919220	811868	0.06201418	0.06201418	0.005940551	10.43913	
RIRL	851151	795932	0.03352533	0.03352533	0.006086413	5.508225	
RIRL	857955	810508	0.02843755	0.02843755	0.006148198	4.625347	
RIRL	869247	805676	0.03795458	0.03795458	0.006010558	6.314652	
RIRL	862239	795658	0.04015991	0.04015991	0.005946488	6.753552	
RIRL	862161	816414	0.02725347	0.02725347	0.005780461	4.714758	
RIRL	859535	818479	0.02446702	0.02446702	0.00561027	4.361113	
RIRL	912310	824662	0.05046023	0.05046023	0.005650609	8.930051	
RIRL	908250	809951	0.05721042	0.05721042	0.005725538	9.992147	
RIRL	910680	820825	0.05189416	0.05189416	0.005657562	9.17253	
RIRL	848815	809127	0.02393811	0.02393811	0.005854972	4.08851	
RIRL	852437	822334	0.0179744	0.0179744	0.005977506	3.007006	
RIRL	864605	818549	0.02736292	0.02736292	0.005792723	4.723671	
RIRL	861118	812067	0.02931595	0.02931595	0.005767042	5.083359	
RIRL	876153	802604	0.04381158	0.04381158	0.006056082	7.234311	
RIRL	872768	803322	0.04143334	0.04143334	0.005906958	7.014327	
RIRL	923945	808113	0.06687536	0.06687536	0.005861218	11.40981	
RIRL	921500	794891	0.07376466	0.07376466	0.00600297	12.28803	
RIRL	922650	805316	0.06790296	0.06790296	0.005905651	11.49796	
RIRL	863922	797540	0.03995397	0.03995397	0.006048384	6.605727	
RIRL	862870	804873	0.03477574	0.03477574	0.006104584	5.69666	
RIRL	882468	808922	0.04348258	0.04348258	0.00616405	7.054222	
RIRL	872935	796689	0.04566657	0.04566657	0.005945382	7.681015	
RIRL	864578	805900	0.03512647	0.03512647	0.005769316	6.088499	
RIRL	861049	806111	0.03295305	0.03295305	0.005724152	5.756843	
RIRL	914050	811818	0.05923512	0.05923512	0.00566553	10.45535	
RIRL	910484	799182	0.0651016	0.0651016	0.005741569	11.33864	
RIRL	914476	810649	0.0601852	0.0601852	0.005684529	10.58754	
RIRL	847020	794990	0.03168677	0.03168677	0.005880427	5.388516	
RIRL	854470	810671	0.02630348	0.02630348	0.005939252	4.428752	
RIRL	864527	804875	0.03573256	0.03573256	0.00577402	6.188505	
RIRL	862557	799547	0.03790978	0.03790978	0.00577728	6.561873	
RIRL	871640	804232	0.04022264	0.04022264	0.005686848	7.072923	
RIRL	868590	805134	0.03791306	0.03791306	0.005644935	6.716297	
RIRL	922079	811359	0.06387307	0.06387307	0.005564087	11.47952	
RIRL	918437	798117	0.07009392	0.07009392	0.005678186	12.34442	
RIRL	920126	807516	0.06518133	0.06518133	0.005591333	11.65756	
RIRL	857908	797005	0.03680133	0.03680133	0.005677633	6.481809	
RIRL	859295	806458	0.03171959	0.03171959	0.005764192	5.502868	
RIRL	875276	806599	0.04083359	0.04083359	0.005762828	7.085686	
RIRL	866339	794772	0.04308382	0.04308382	0.005570668	7.734048	
RIRL	864692	819176	0.02703062	0.02703062	0.005814609	4.648743	
RIRL	859575	817891	0.02484939	0.02484939	0.005676023	4.377957	
RIRL	912677	823663	0.05126531	0.05126531	0.005719021	8.964001	
RIRL	909213	810393	0.05746665	0.05746665	0.005785778	9.932399	
RIRL	911143	820072	0.05260525	0.05260525	0.005703549	9.223248	
RIRL	847986	808609	0.02376984	0.02376984	0.005823724	4.081554	
RIRL	850297	818910	0.01880354	0.01880354	0.005896639	3.188857	
RIRL	865564	818033	0.02823182	0.02823182	0.00576444	4.897582	
RIRL	858570	808168	0.03023991	0.03023991	0.005706982	5.298756	
RIRL	885368	790359	0.05669718	0.05669718	0.006269995	9.04262	
RIRL	882544	785296	0.05830775	0.05830775	0.00604653	9.643176	
RIRL	931053	796725	0.0777461	0.0777461	0.00591103	13.15272	
RIRL	927773	783408	0.08436571	0.08436571	0.005983455	14.09983	
RIRL	928947	794043	0.07829645	0.07829645	0.005978318	13.09674	
RIRL	868695	779396	0.05418329	0.05418329	0.006147165	8.814355	
RIRL	866569	787201	0.04799216	0.04799216	0.006155406	7.79675	
RIRL	887981	792103	0.05706738	0.05706738	0.006131482	9.307275	
RIRL	878069	785844	0.05542658	0.05542658	0.006085817	9.1075	
RIRL	882332	803991	0.0464567	0.0464567	0.006316615	7.354683	
RIRL	876511	796170	0.04803127	0.04803127	0.006087882	7.889653	
RIRL	925785	808539	0.06760329	0.06760329	0.006022853	11.22446	
RIRL	921079	793269	0.07455312	0.07455312	0.006056101	12.31042	
RIRL	923983	806340	0.06798904	0.06798904	0.006089355	11.16523	
RIRL	862273	790022	0.04372766	0.04372766	0.00617969	7.076029	
RIRL	862526	800117	0.03753602	0.03753602	0.006239008	6.016344	
RIRL	887010	807922	0.04666146	0.04666146	0.0062058	7.519008	
RIRL	872922	797789	0.04497067	0.04497067	0.006112665	7.356967	
RIRL	883363	801571	0.04854315	0.04854315	0.006237812	7.78208	
RIRL	882252	799006	0.04951411	0.04951411	0.006017524	8.228321	
RIRL	929921	809357	0.06931842	0.06931842	0.005997494	11.5579	
RIRL	925939	794773	0.07622775	0.07622775	0.00605986	12.57913	
RIRL	927797	807097	0.06957197	0.06957197	0.006051013	11.49757	
RIRL	863281	787415	0.04596001	0.04596001	0.006093406	7.54258	
RIRL	866950	801213	0.03940682	0.03940682	0.006142025	6.415933	
RIRL	881673	799321	0.04899006	0.04899006	0.006041368	8.1091	
RIRL	872378	794392	0.0467887	0.0467887	0.006076195	7.700329	
RIRL	882466	792346	0.05380902	0.05380902	0.006113977	8.800985	
RIRL	882284	789814	0.05530178	0.05530178	0.005946697	9.29958	
RIRL	933204	803148	0.07490186	0.07490186	0.005941154	12.60729	
RIRL	926971	787128	0.08158397	0.08158397	0.006002541	13.59157	
RIRL	931826	801677	0.07507861	0.07507861	0.00599875	12.51571	
RIRL	864938	780385	0.05138991	0.05138991	0.006051204	8.49251	
RIRL	871942	796981	0.04491579	0.04491579	0.006119073	7.340294	
RIRL	884431	792504	0.05481846	0.05481846	0.005992253	9.148222	
RIRL	874769	787022	0.05280267	0.05280267	0.006000967	8.799027	
RIRL	875711	803645	0.04291288	0.04291288	0.005834042	7.3556	
RIRL	876186	803311	0.04339097	0.04339097	0.005610382	7.734049	
RIRL	924067	813871	0.06340617	0.06340617	0.005623362	11.27549	
RIRL	920002	798457	0.07072907	0.07072907	0.005684494	12.44246	
RIRL	921801	811187	0.06382849	0.06382849	0.005684283	11.22894	
RIRL	861048	794203	0.0403836	0.0403836	0.005809281	6.951567	
RIRL	864676	808959	0.03329101	0.03329101	0.005890179	5.651953	
RIRL	879444	806758	0.04310634	0.04310634	0.00580816	7.421686	
RIRL	871639	803636	0.04059214	0.04059214	0.005775859	7.027897	
RIRL	885965	793104	0.05530505	0.05530505	0.006207464	8.909443	
RIRL	884222	790122	0.05620112	0.05620112	0.006013583	9.345696	
RIRL	930970	799787	0.07579516	0.07579516	0.005958	12.72158	
RIRL	927913	785463	0.08313995	0.08313995	0.006034051	13.77846	
RIRL	929677	798466	0.07592601	0.07592601	0.00602469	12.60248	
RIRL	871967	785463	0.05219165	0.05219165	0.006216357	8.395857	
RIRL	871927	795339	0.04593628	0.04593628	0.006216686	7.389191	
RIRL	890890	798151	0.0549063	0.0549063	0.006205729	8.84768	
RIRL	880593	792173	0.05285856	0.05285856	0.006152519	8.591369	
RIRL	884783	790937	0.05600339	0.05600339	0.006001398	9.331725	
RIRL	883664	788122	0.05714966	0.05714966	0.005852232	9.765447	
RIRL	932715	799610	0.07683604	0.07683604	0.005848158	13.1385	
RIRL	928995	786051	0.08334704	0.08334704	0.005897413	14.13281	
RIRL	932642	799456	0.07689288	0.07689288	0.005900722	13.0311	
RIRL	866155	778623	0.05321812	0.05321812	0.006028854	8.827237	
RIRL	873427	795709	0.04656181	0.04656181	0.00612168	7.606052	
RIRL	885367	790654	0.05651063	0.05651063	0.006003759	9.412541	
RIRL	878601	788106	0.05429569	0.05429569	0.005967052	9.099247	
RIRL	881046	795303	0.05114866	0.05114866	0.005876441	8.70402	
RIRL	879556	792113	0.0523088	0.0523088	0.005729078	9.130404	
RIRL	928402	803336	0.07221993	0.07221993	0.005669819	12.73761	
RIRL	924229	788994	0.07893602	0.07893602	0.005734788	13.76442	
RIRL	926983	801609	0.07252955	0.07252955	0.005728781	12.66056	
RIRL	865031	784976	0.04851798	0.04851798	0.005834131	8.31623	
RIRL	867521	796731	0.04253563	0.04253563	0.005896342	7.213901	
RIRL	884265	797218	0.05176799	0.05176799	0.005844478	8.85759	
RIRL	872552	789629	0.04988807	0.04988807	0.005748159	8.678964	
RIRL	878621	808719	0.04142734	0.04142734	0.005985195	6.921635	
RIRL	875789	804281	0.04256251	0.04256251	0.00579762	7.341377	
RIRL	923749	814411	0.06290445	0.06290445	0.005762167	10.91681	
RIRL	919809	799899	0.06972695	0.06972695	0.00582389	11.97257	
RIRL	921705	812123	0.06320235	0.06320235	0.005815154	10.86856	
RIRL	859660	795049	0.03904674	0.03904674	0.005918559	6.59734	
RIRL	862093	807400	0.03276025	0.03276025	0.00596226	5.494602	
RIRL	880135	808846	0.04220829	0.04220829	0.005884695	7.172554	
RIRL	868689	801763	0.04006461	0.04006461	0.005832811	6.868833	
RIRL	885272	800030	0.05057966	0.05057966	0.00610993	8.278271	
RIRL	884006	803988	0.0474042	0.0474042	0.00610849	7.760379	
RIRL	936130	806095	0.07463732	0.07463732	0.005977768	12.48582	
RIRL	934985	787993	0.08531276	0.08531276	0.005990757	14.24073	
RIRL	936072	798371	0.07939206	0.07939206	0.00595931	13.32236	
RIRL	873928	784225	0.05409814	0.05409814	0.00598943	9.032269	
RIRL	869108	791569	0.0466912	0.0466912	0.006096089	7.659206	
RIRL	888422	798972	0.05301074	0.05301074	0.00613111	8.646189	
RIRL	880342	792430	0.05255468	0.05255468	0.006046291	8.692053	
RIRL	882090	813882	0.04021765	0.04021765	0.00628647	6.397493	
RIRL	877465	814537	0.03719145	0.03719145	0.006297142	5.906083	
RIRL	930520	818354	0.06413612	0.06413612	0.006201224	10.34249	
RIRL	928783	799004	0.07511285	0.07511285	0.006163516	12.18669	
RIRL	931598	811614	0.06882926	0.06882926	0.006190153	11.11915	
RIRL	868615	796206	0.04349356	0.04349356	0.006203568	7.011056	
RIRL	865541	805065	0.03620004	0.03620004	0.006331715	5.717256	
RIRL	887730	815657	0.04231158	0.04231158	0.006333658	6.680434	
RIRL	876442	805689	0.04206153	0.04206153	0.006238155	6.742623	
RIRL	885261	810435	0.04412701	0.04412701	0.006057072	7.285205	
RIRL	884833	815849	0.04056255	0.04056255	0.00606784	6.684842	
RIRL	935379	816735	0.06771477	0.06771477	0.005959687	11.36214	
RIRL	934688	798251	0.07873157	0.07873157	0.006011725	13.09634	
RIRL	936393	810498	0.07206803	0.07206803	0.005951752	12.10871	
RIRL	871148	791988	0.04759683	0.04759683	0.005932944	8.022464	
RIRL	872328	805368	0.03991188	0.03991188	0.00611139	6.530737	
RIRL	883904	805115	0.04664779	0.04664779	0.005976042	7.805799	
RIRL	877425	800410	0.04590141	0.04590141	0.005966301	7.693445	
RIRL	892335	799147	0.05509252	0.05509252	0.006217058	8.861509	
RIRL	890986	803053	0.05190731	0.05190731	0.006161812	8.424033	
RIRL	946423	808580	0.07854289	0.07854289	0.006126354	12.82049	
RIRL	943164	788375	0.08939389	0.08939389	0.006190128	14.44136	
RIRL	949048	803752	0.08289366	0.08289366	0.006138081	13.50482	
RIRL	878204	781185	0.0584667	0.0584667	0.006097393	9.588802	
RIRL	882577	797254	0.05079261	0.05079261	0.006246188	8.131777	
RIRL	893135	795869	0.05758779	0.05758779	0.006135691	9.385705	
RIRL	886145	790093	0.05730213	0.05730213	0.006107997	9.381492	
RIRL	881324	810725	0.04172397	0.04172397	0.005871554	7.106121	
RIRL	882425	817988	0.03789491	0.03789491	0.005795765	6.538379	
RIRL	934317	820344	0.06495443	0.06495443	0.005773343	11.25075	
RIRL	932053	799449	0.07658322	0.07658322	0.005761148	13.29305	
RIRL	935042	813220	0.06968178	0.06968178	0.005727006	12.16723	
RIRL	872657	796579	0.04557654	0.04557654	0.00588804	7.740529	
RIRL	874615	811814	0.03723904	0.03723904	0.006002964	6.203442	
RIRL	886446	811374	0.0442167	0.0442167	0.005922518	7.465862	
RIRL	881289	808357	0.04316407	0.04316407	0.00591174	7.301416	
RIRL	883463	803039	0.04768687	0.04768687	0.006148744	7.755547	
RIRL	883074	807943	0.04442948	0.04442948	0.006142632	7.23297	
RIRL	933829	809056	0.07158992	0.07158992	0.006069913	11.79423	
RIRL	933030	790575	0.08264945	0.08264945	0.006042656	13.67767	
RIRL	934540	802795	0.07583166	0.07583166	0.006041808	12.55115	
RIRL	876420	791395	0.05097987	0.05097987	0.006182853	8.245364	
RIRL	872591	800008	0.04339534	0.04339534	0.006330825	6.85461	
RIRL	890080	806145	0.04948341	0.04948341	0.006341603	7.802981	
RIRL	881818	799267	0.04910579	0.04910579	0.006235563	7.875117	
RIRL	886633	798712	0.05216795	0.05216795	0.005958773	8.754815	
RIRL	885786	803303	0.04883283	0.04883283	0.005979013	8.167373	
RIRL	938336	805766	0.07601046	0.07601046	0.005860452	12.97007	
RIRL	937486	788150	0.08653969	0.08653969	0.005886185	14.70217	
RIRL	941248	801899	0.07994105	0.07994105	0.005853288	13.65746	
RIRL	874030	781764	0.05572312	0.05572312	0.005984644	9.311016	
RIRL	879512	799591	0.04759744	0.04759744	0.006147115	7.743053	
RIRL	887856	795671	0.05475707	0.05475707	0.005973475	9.166702	
RIRL	884524	794000	0.05393072	0.05393072	0.005984745	9.011364	
RIRL	889614	802765	0.0513177	0.0513177	0.005869478	8.743146	
RIRL	888570	807189	0.0479909	0.0479909	0.005896624	8.138707	
RIRL	940996	809997	0.07481412	0.07481412	0.005743128	13.02672	
RIRL	939182	790799	0.08577146	0.08577146	0.005754231	14.90581	
RIRL	942308	803366	0.07959218	0.07959218	0.005766039	13.80361	
RIRL	878217	786890	0.05484753	0.05484753	0.00578693	9.477828	
RIRL	878060	798693	0.04733375	0.04733375	0.005935988	7.97403	
RIRL	891497	801013	0.05346143	0.05346143	0.005856945	9.127869	
RIRL	882470	792952	0.05343012	0.05343012	0.005781503	9.241562	
RIRL	888292	815072	0.04298553	0.04298553	0.006060656	7.092553	
RIRL	885221	817193	0.03995973	0.03995973	0.006025872	6.63136	
RIRL	937267	819477	0.06705018	0.06705018	0.005926808	11.31303	
RIRL	935902	800514	0.0779698	0.0779698	0.005925623	13.15808	
RIRL	938567	813002	0.07168716	0.07168716	0.005923191	12.10279	
RIRL	874455	795990	0.04697251	0.04697251	0.00597134	7.866328	
RIRL	873598	807470	0.0393369	0.0393369	0.006009807	6.545452	
RIRL	889631	811780	0.04575673	0.04575673	0.005979387	7.652411	
RIRL	880734	804407	0.04529413	0.04529413	0.005922443	7.64788	
RIRL	878472	793265	0.05096914	0.05096914	0.005823191	8.752786	
RIRL	874972	791958	0.04980053	0.04980053	0.005698919	8.738593	
RIRL	923177	802968	0.06964015	0.06964015	0.005595951	12.44474	
RIRL	920393	792210	0.07484689	0.07484689	0.005774167	12.96237	
RIRL	919859	800654	0.06928457	0.06928457	0.005698878	12.15758	
RIRL	862760	789065	0.04461429	0.04461429	0.005876392	7.592122	
RIRL	858964	795985	0.03805495	0.03805495	0.005832657	6.524462	
RIRL	879077	798372	0.04811175	0.04811175	0.005838245	8.240789	
RIRL	870673	790385	0.04833546	0.04833546	0.005784496	8.356036	
RIRL	873415	807780	0.03904068	0.03904068	0.005880759	6.638715	
RIRL	867514	804424	0.03773465	0.03773465	0.005819894	6.483735	
RIRL	916609	816357	0.05784995	0.05784995	0.005730309	10.09543	
RIRL	912460	803922	0.06323651	0.06323651	0.005852103	10.80577	
RIRL	914244	814962	0.05741479	0.05741479	0.0058574	9.802095	
RIRL	855302	801625	0.03239551	0.03239551	0.005925807	5.466853	
RIRL	853815	810826	0.02582479	0.02582479	0.005950734	4.339765	
RIRL	876213	815208	0.03606731	0.03606731	0.005903083	6.10991	
RIRL	864304	803810	0.03626491	0.03626491	0.005802759	6.249597	
RIRL	879455	803520	0.04511951	0.04511951	0.005853526	7.70809	
RIRL	877197	803935	0.04357897	0.04357897	0.005799136	7.514735	
RIRL	925229	814521	0.06363443	0.06363443	0.005810518	10.95159	
RIRL	921010	802024	0.0690561	0.0690561	0.00591431	11.6761	
RIRL	922380	812757	0.0631783	0.0631783	0.005873164	10.75711	
RIRL	860574	796100	0.03891774	0.03891774	0.005887316	6.610437	
RIRL	863964	810283	0.03206277	0.03206277	0.00598777	5.35471	
RIRL	876043	804686	0.04245598	0.04245598	0.005849648	7.25787	
RIRL	869351	798461	0.04250479	0.04250479	0.005873691	7.236471	
RIRL	879611	794132	0.05107056	0.05107056	0.005842432	8.74132	
RIRL	878526	795335	0.04970006	0.04970006	0.005828792	8.52665	
RIRL	929225	808360	0.06955919	0.06955919	0.005797387	11.99837	
RIRL	922707	794066	0.07493186	0.07493186	0.005899754	12.70085	
RIRL	928054	807991	0.06915892	0.06915892	0.005872421	11.7769	
RIRL	862548	788349	0.04494466	0.04494466	0.005908558	7.606706	
RIRL	868696	804845	0.03815323	0.03815323	0.006002902	6.355798	
RIRL	880247	798547	0.04866589	0.04866589	0.005868193	8.293165	
RIRL	872300	791152	0.04878289	0.04878289	0.005867637	8.313891	
RIRL	870445	807399	0.0375756	0.0375756	0.005585049	6.727892	
RIRL	870260	810462	0.03557876	0.03557876	0.005487757	6.483297	
RIRL	918794	821312	0.05602073	0.05602073	0.005523453	10.14234	
RIRL	913746	807455	0.06175397	0.06175397	0.005611456	11.00498	
RIRL	916580	819749	0.05576766	0.05576766	0.005593357	9.970338	
RIRL	856037	803839	0.03144693	0.03144693	0.005703767	5.513361	
RIRL	857734	817431	0.02405912	0.02405912	0.005719716	4.206349	
RIRL	871401	812930	0.03471467	0.03471467	0.005630654	6.1653	
RIRL	867273	809609	0.03438763	0.03438763	0.005707512	6.024977	
RIRL	873865	799281	0.0445771	0.0445771	0.005852494	7.616771	
RIRL	872196	800306	0.04298351	0.04298351	0.005767746	7.452392	
RIRL	918356	809222	0.06317168	0.06317168	0.005686231	11.10959	
RIRL	915135	796911	0.06905422	0.06905422	0.005825303	11.85419	
RIRL	915659	807820	0.06257053	0.06257053	0.005772452	10.83951	
RIRL	861248	798428	0.03785076	0.03785076	0.006014751	6.292989	
RIRL	859061	807208	0.03111923	0.03111923	0.005984785	5.199723	
RIRL	876517	807094	0.04123458	0.04123458	0.005967467	6.909898	
RIRL	867621	798795	0.04130181	0.04130181	0.005889272	7.013059	
RIRL	878171	795642	0.04930599	0.04930599	0.005677694	8.684157	
RIRL	876046	796263	0.04770829	0.04770829	0.005674163	8.407988	
RIRL	924770	807088	0.0679513	0.0679513	0.00559175	12.15206	
RIRL	921273	795686	0.07314502	0.07314502	0.00570211	12.82771	
RIRL	924559	808281	0.06710256	0.06710256	0.005665553	11.84396	
RIRL	859207	788493	0.04291679	0.04291679	0.005769077	7.439108	
RIRL	865400	805276	0.03598783	0.03598783	0.005857348	6.144048	
RIRL	875611	797568	0.04664355	0.04664355	0.005697038	8.187333	
RIRL	872502	795063	0.04643837	0.04643837	0.005759362	8.06311	
RIRL	875286	798575	0.04582878	0.04582878	0.005500608	8.331584	
RIRL	873299	799090	0.04437305	0.04437305	0.005507604	8.056688	
RIRL	921538	809803	0.06453668	0.06453668	0.00537851	11.99899	
RIRL	918034	798121	0.06987306	0.06987306	0.005531686	12.63142	
RIRL	919350	808685	0.06404095	0.06404095	0.005491295	11.66227	
RIRL	860186	794939	0.03942119	0.03942119	0.005589528	7.052686	
RIRL	860558	805728	0.03290552	0.03290552	0.005669973	5.80347	
RIRL	876417	804041	0.04306921	0.04306921	0.005604536	7.684706	
RIRL	866623	794949	0.04313626	0.04313626	0.005487803	7.860387	
RIRL	871576	812067	0.03534538	0.03534538	0.005675466	6.22775	
RIRL	868570	811549	0.03393867	0.03393867	0.005600953	6.059446	
RIRL	917566	822612	0.05456568	0.05456568	0.005609889	9.726696	
RIRL	913151	809860	0.05994796	0.05994796	0.005711271	10.49643	
RIRL	914794	820699	0.05421802	0.05421802	0.005683616	9.539354	
RIRL	853811	805083	0.02937379	0.02937379	0.005715911	5.138951	
RIRL	854060	816058	0.02275408	0.02275408	0.005720504	3.977636	
RIRL	870692	814596	0.03328571	0.03328571	0.005608267	5.935115	
RIRL	862831	807589	0.03307072	0.03307072	0.005657933	5.845018	
RIRL	887090	787313	0.0595896	0.0595896	0.005801055	10.2722	
RIRL	881611	787779	0.05620736	0.05620736	0.005689232	9.879604	
RIRL	933464	794920	0.08015811	0.08015811	0.005534936	14.48221	
RIRL	929454	784547	0.08454312	0.08454312	0.005686121	14.86833	
RIRL	929985	792150	0.08003728	0.08003728	0.005647375	14.17247	
RIRL	871751	781751	0.05442993	0.05442993	0.005789614	9.401305	
RIRL	868091	786821	0.04910835	0.04910835	0.005722087	8.582245	
RIRL	888762	792766	0.05708855	0.05708855	0.005761474	9.908671	
RIRL	881900	782314	0.05983966	0.05983966	0.005722385	10.45712	
RIRL	879894	801617	0.04655158	0.04655158	0.005877573	7.920205	
RIRL	873062	801286	0.04286803	0.04286803	0.005787909	7.40648	
RIRL	924665	808079	0.06728403	0.06728403	0.005634227	11.94202	
RIRL	919667	796387	0.07183923	0.07183923	0.005777745	12.43378	
RIRL	922613	806489	0.06715856	0.06715856	0.005782786	11.61353	
RIRL	862665	794556	0.04109832	0.04109832	0.005831964	7.047081	
RIRL	861627	802491	0.03553594	0.03553594	0.005864806	6.059185	
RIRL	883766	809658	0.04376222	0.04376222	0.005850201	7.480465	
RIRL	873632	795940	0.04653408	0.04653408	0.005780106	8.050731	
RIRL	880946	798922	0.04882765	0.04882765	0.005801298	8.416677	
RIRL	877695	802089	0.04500936	0.04500936	0.005755268	7.82055	
RIRL	929901	809154	0.06943254	0.06943254	0.005684824	12.21367	
RIRL	924087	796580	0.07410324	0.07410324	0.005795719	12.78586	
RIRL	926626	806655	0.06921613	0.06921613	0.005739367	12.05989	
RIRL	863502	791275	0.04364757	0.04364757	0.005763217	7.573474	
RIRL	867288	804074	0.03782185	0.03782185	0.005827034	6.490754	
RIRL	880609	802484	0.04641752	0.04641752	0.005755072	8.065497	
RIRL	874132	792422	0.04902931	0.04902931	0.005756828	8.516724	
RIRL	885616	787904	0.05838711	0.05838711	0.005805488	10.05723	
RIRL	883462	791779	0.05472825	0.05472825	0.005859227	9.340523	
RIRL	938617	801631	0.07871637	0.07871637	0.005739256	13.71543	
RIRL	931073	787923	0.08327535	0.08327535	0.005847072	14.24223	
RIRL	937062	800607	0.07852761	0.07852761	0.005819337	13.49425	
RIRL	869409	781381	0.05332477	0.05332477	0.005827731	9.150177	
RIRL	876486	796758	0.04764876	0.04764876	0.005904852	8.069425	
RIRL	888375	793573	0.05636441	0.05636441	0.005839053	9.653005	
RIRL	881643	783524	0.05892442	0.05892442	0.005796521	10.16548	
RIRL	875642	801354	0.04429826	0.04429826	0.005541968	7.993235	
RIRL	874878	807483	0.04005977	0.04005977	0.005490109	7.296717	
RIRL	926835	814113	0.06474748	0.06474748	0.005455016	11.86935	
RIRL	920625	800796	0.06961051	0.06961051	0.005553496	12.53454	
RIRL	924148	811823	0.06470442	0.06470442	0.005506331	11.75092	
RIRL	861946	796712	0.03932939	0.03932939	0.00558394	7.043304	
RIRL	865063	809571	0.03313679	0.03313679	0.005624201	5.891822	
RIRL	878677	808180	0.04179192	0.04179192	0.005597882	7.465667	
RIRL	875219	801010	0.0442714	0.0442714	0.005648139	7.838227	
RIRL	882972	792082	0.05426094	0.05426094	0.005833059	9.302313	
RIRL	880006	795663	0.05033393	0.05033393	0.00573754	8.772737	
RIRL	929163	799692	0.07488829	0.07488829	0.005612716	13.34261	
RIRL	925269	788647	0.07971336	0.07971336	0.005751583	13.85938	
RIRL	927212	798760	0.07442299	0.07442299	0.005698544	13.06	
RIRL	870496	789931	0.04852065	0.04852065	0.005895568	8.230022	
RIRL	869007	797362	0.04299468	0.04299468	0.005838	7.364625	
RIRL	886774	800544	0.05110477	0.05110477	0.005910309	8.646717	
RIRL	880066	790133	0.05384568	0.05384568	0.005829952	9.236042	
RIRL	883463	789407	0.05622433	0.05622433	0.005608161	10.02545	
RIRL	881110	793536	0.05229404	0.05229404	0.005652852	9.250912	
RIRL	933216	800116	0.07678852	0.07678852	0.005499687	13.96234	
RIRL	928474	789186	0.08109172	0.08109172	0.005599107	14.48297	
RIRL	932816	800565	0.07629656	0.07629656	0.00557339	13.68944	
RIRL	866059	782146	0.05091175	0.05091175	0.005654322	9.004041	
RIRL	873170	797743	0.04514119	0.04514119	0.005741944	7.861656	
RIRL	883812	793432	0.05388602	0.05388602	0.005641966	9.550929	
RIRL	881562	787737	0.05620623	0.05620623	0.005664691	9.922206	
RIRL	884745	790705	0.0561282	0.0561282	0.005546845	10.11894	
RIRL	881796	794325	0.05218657	0.05218657	0.005567545	9.373352	
RIRL	933784	800815	0.07665691	0.07665691	0.005373653	14.26533	
RIRL	928598	789544	0.08093278	0.08093278	0.005511383	14.68466	
RIRL	930940	798990	0.07627476	0.07627476	0.005485523	13.90474	
RIRL	870536	786275	0.05085734	0.05085734	0.005561653	9.144284	
RIRL	871513	795845	0.04538198	0.04538198	0.005596085	8.109593	
RIRL	887898	797431	0.05367913	0.05367913	0.005616344	9.557665	
RIRL	879161	785274	0.05640773	0.05640773	0.0054916	10.27164	
RIRL	877769	806735	0.04216909	0.04216909	0.005666183	7.44224	
RIRL	873186	808724	0.03832666	0.03832666	0.005608898	6.83319	
RIRL	925263	814807	0.06347791	0.06347791	0.005535095	11.46826	
RIRL	919912	803279	0.06768431	0.06768431	0.005651818	11.97567	
RIRL	922326	812714	0.06317549	0.06317549	0.005626309	11.22859	
RIRL	860260	798213	0.03741213	0.03741213	0.005609999	6.668829	
RIRL	862200	808860	0.03191986	0.03191986	0.005630563	5.669035	
RIRL	877747	809785	0.04027301	0.04027301	0.005589443	7.205192	
RIRL	871534	800103	0.04273117	0.04273117	0.005606651	7.621513	
RIRL	898756	804305	0.05545955	0.05545955	0.006292398	8.813739	
RIRL	898626	801177	0.05732958	0.05732958	0.006288923	9.115963	
RIRL	950024	804193	0.08313168	0.08313168	0.005968007	13.92955	
RIRL	948205	787602	0.09252354	0.09252354	0.006110046	15.14285	
RIRL	945582	799720	0.08357407	0.08357407	0.005992925	13.94546	
RIRL	887692	785312	0.06119531	0.06119531	0.00627205	9.756828	
RIRL	887872	786024	0.06084488	0.06084488	0.006140116	9.909402	
RIRL	906607	798019	0.06370195	0.06370195	0.006247784	10.19593	
RIRL	896116	785928	0.06550839	0.06550839	0.006116305	10.71045	
RIRL	897115	816176	0.04724183	0.04724183	0.006344311	7.446329	
RIRL	893986	810312	0.04909587	0.04909587	0.006327311	7.759358	
RIRL	946400	815038	0.07457657	0.07457657	0.006086492	12.2528	
RIRL	943832	796767	0.08449103	0.08449103	0.00616874	13.69664	
RIRL	942627	811162	0.07496056	0.07496056	0.00609127	12.30623	
RIRL	884051	795913	0.05246422	0.05246422	0.006288605	8.342743	
RIRL	885018	797183	0.05221433	0.05221433	0.00623161	8.378947	
RIRL	906445	811872	0.05503816	0.05503816	0.006284771	8.757385	
RIRL	891447	795345	0.05697324	0.05697324	0.006110337	9.324074	
RIRL	889473	821788	0.0395527	0.0395527	0.006278556	6.29965	
RIRL	887773	818069	0.04086193	0.04086193	0.006249184	6.538763	
RIRL	939114	821582	0.06675315	0.06675315	0.005961841	11.19673	
RIRL	937028	803140	0.0769397	0.0769397	0.006068157	12.67925	
RIRL	934695	817474	0.06690051	0.06690051	0.005954884	11.23456	
RIRL	875617	800640	0.04472882	0.04472882	0.006179021	7.23882	
RIRL	880199	805818	0.0441164	0.0441164	0.006154199	7.168504	
RIRL	892006	811044	0.04753941	0.04753941	0.006133669	7.750568	
RIRL	882538	800667	0.04863995	0.04863995	0.005966768	8.151808	
RIRL	895610	809223	0.05067183	0.05067183	0.006288124	8.058337	
RIRL	894875	805238	0.05272414	0.05272414	0.006268458	8.411023	
RIRL	950845	812915	0.07820225	0.07820225	0.006031261	12.96615	
RIRL	945705	793011	0.08781998	0.08781998	0.006117489	14.35556	
RIRL	948226	810237	0.07847137	0.07847137	0.006012505	13.05136	
RIRL	883589	789534	0.05621523	0.05621523	0.006210659	9.051412	
RIRL	890118	795796	0.0559471	0.0559471	0.006141634	9.109482	
RIRL	900836	799925	0.05933285	0.05933285	0.006169566	9.617021	
RIRL	891347	788978	0.06092214	0.06092214	0.005967064	10.20974	
RIRL	887483	823412	0.03744882	0.03744882	0.006044234	6.195793	
RIRL	887460	821813	0.03840639	0.03840639	0.005927272	6.479606	
RIRL	939657	825818	0.06448066	0.06448066	0.005689905	11.33247	
RIRL	936841	806321	0.07487543	0.07487543	0.005770235	12.97615	
RIRL	935376	821301	0.06493795	0.06493795	0.005673172	11.4465	
RIRL	877790	805164	0.04315388	0.04315388	0.005975792	7.22145	
RIRL	882612	811412	0.0420301	0.0420301	0.005952359	7.061083	
RIRL	893775	815987	0.04549639	0.04549639	0.005978314	7.610238	
RIRL	886770	808091	0.0464221	0.0464221	0.005815741	7.982147	
RIRL	896358	808271	0.05167517	0.05167517	0.006263789	8.249827	
RIRL	896892	805866	0.05345798	0.05345798	0.006226386	8.585715	
RIRL	946150	807418	0.07911413	0.07911413	0.005940407	13.31796	
RIRL	945145	790136	0.0893279	0.0893279	0.006058924	14.74319	
RIRL	941825	803792	0.07907405	0.07907405	0.00592755	13.34009	
RIRL	888929	793306	0.05684283	0.05684283	0.00630709	9.012528	
RIRL	889398	794601	0.05629279	0.05629279	0.006212093	9.061807	
RIRL	906941	805399	0.05930014	0.05930014	0.006302764	9.408592	
RIRL	893975	791440	0.06083665	0.06083665	0.00612614	9.930666	
RIRL	890419	810982	0.04668917	0.04668917	0.006128993	7.617756	
RIRL	889464	806940	0.04864643	0.04864643	0.006113041	7.957812	
RIRL	942364	811347	0.07470843	0.07470843	0.005824558	12.82646	
RIRL	940165	794317	0.08408735	0.08408735	0.005894258	14.26598	
RIRL	940259	809687	0.07461487	0.07461487	0.005788159	12.89095	
RIRL	876602	790023	0.0519487	0.0519487	0.006053281	8.581908	
RIRL	885092	798620	0.05135795	0.05135795	0.006027406	8.520739	
RIRL	892890	799816	0.05498533	0.05498533	0.00598146	9.192627	
RIRL	888874	793669	0.05658399	0.05658399	0.005890146	9.606552	
RIRL	896986	808977	0.05158904	0.05158904	0.005990807	8.611367	
RIRL	896465	806013	0.05312961	0.05312961	0.00602361	8.820228	
RIRL	948870	810280	0.07878237	0.07878237	0.005694675	13.83439	
RIRL	946719	792605	0.08860569	0.08860569	0.005809717	15.25129	
RIRL	945410	806470	0.07930909	0.07930909	0.005708078	13.89418	
RIRL	886079	790184	0.05720761	0.05720761	0.005941117	9.629101	
RIRL	890525	794868	0.0567565	0.0567565	0.005883377	9.646924	
RIRL	903923	802027	0.05972977	0.05972977	0.00590571	10.1139	
RIRL	892476	789021	0.06152553	0.06152553	0.005759086	10.68321	
RIRL	896883	822748	0.04311099	0.04311099	0.006233645	6.915856	
RIRL	894706	817992	0.04479132	0.04479132	0.006152287	7.280433	
RIRL	947227	822199	0.0706602	0.0706602	0.005948427	11.8788	
RIRL	944921	804098	0.08051542	0.08051542	0.006023106	13.36776	
RIRL	943220	818001	0.07109783	0.07109783	0.00591379	12.02238	
RIRL	883167	800498	0.04910062	0.04910062	0.006068182	8.091489	
RIRL	885817	803712	0.04859638	0.04859638	0.006009896	8.086061	
RIRL	901099	812313	0.05181824	0.05181824	0.006069913	8.536901	
RIRL	890036	800140	0.05318736	0.05318736	0.005889254	9.031256	
RIRL	881088	791563	0.05352282	0.05352282	0.005997458	8.924251	
RIRL	877435	794725	0.04946297	0.04946297	0.005994826	8.250944	
RIRL	930823	800793	0.07509171	0.07509171	0.005885215	12.75938	
RIRL	927009	785338	0.08273498	0.08273498	0.005916485	13.98381	
RIRL	928486	792258	0.07916808	0.07916808	0.005807092	13.633	
RIRL	869116	782794	0.05225587	0.05225587	0.006011472	8.692691	
RIRL	863321	790619	0.04395685	0.04395685	0.00608135	7.228141	
RIRL	887056	795477	0.05442924	0.05442924	0.00603307	9.021816	
RIRL	878787	784548	0.05665666	0.05665666	0.00594086	9.536777	
RIRL	876268	805519	0.04206775	0.04206775	0.00606669	6.934218	
RIRL	869768	806442	0.03777928	0.03777928	0.00607069	6.223226	
RIRL	923826	813137	0.06372559	0.06372559	0.005954759	10.70162	
RIRL	919377	796676	0.07150187	0.07150187	0.005958069	12.00085	
RIRL	923043	806285	0.0675164	0.0675164	0.005898207	11.44694	
RIRL	861434	794174	0.04062556	0.04062556	0.006006107	6.764042	
RIRL	857191	803610	0.03226214	0.03226214	0.00609646	5.291947	
RIRL	883562	811460	0.0425375	0.0425375	0.006117882	6.952978	
RIRL	871973	796919	0.04497235	0.04497235	0.005954013	7.553284	
RIRL	872870	807838	0.03869322	0.03869322	0.006021422	6.425927	
RIRL	869083	811882	0.03402867	0.03402867	0.006012164	5.65997	
RIRL	921264	816908	0.06003779	0.06003779	0.005918639	10.14385	
RIRL	917673	800613	0.06812603	0.06812603	0.005976767	11.39847	
RIRL	920376	809850	0.06387952	0.06387952	0.005836995	10.94391	
RIRL	857167	795302	0.03743792	0.03743792	0.006026585	6.212128	
RIRL	857639	809726	0.02873576	0.02873576	0.006084952	4.72243	
RIRL	873717	807419	0.03943643	0.03943643	0.005942019	6.636874	
RIRL	866443	797860	0.04120824	0.04120824	0.005874284	7.015024	
RIRL	876338	796032	0.04801928	0.04801928	0.006031703	7.961148	
RIRL	873266	800108	0.04371886	0.04371886	0.006039581	7.238724	
RIRL	929703	808970	0.06943974	0.06943974	0.006004389	11.56483	
RIRL	923413	791360	0.07700903	0.07700903	0.006054421	12.71947	
RIRL	930650	803747	0.07316837	0.07316837	0.005916111	12.36765	
RIRL	861533	784523	0.04678456	0.04678456	0.006084188	7.689532	
RIRL	865955	802051	0.03831161	0.03831161	0.006111729	6.268539	
RIRL	880487	797809	0.04926306	0.04926306	0.006032774	8.165905	
RIRL	873254	787870	0.05140134	0.05140134	0.00593311	8.663473	
RIRL	869944	808106	0.03685111	0.03685111	0.005781163	6.374341	
RIRL	868194	814972	0.03162017	0.03162017	0.005769611	5.480468	
RIRL	920538	819838	0.05786106	0.05786106	0.005723574	10.10925	
RIRL	916689	803125	0.06603272	0.06603272	0.005746344	11.49126	
RIRL	920168	813204	0.06170862	0.06170862	0.005657361	10.90767	
RIRL	858124	798864	0.03576369	0.03576369	0.005858355	6.104732	
RIRL	859398	814743	0.02667338	0.02667338	0.005954925	4.479214	
RIRL	874294	811068	0.03751479	0.03751479	0.005798746	6.469466	
RIRL	870713	805075	0.03916844	0.03916844	0.005757025	6.803591	
RIRL	879172	797718	0.04857444	0.04857444	0.006008309	8.084546	
RIRL	874839	800995	0.04406403	0.04406403	0.005962222	7.390539	
RIRL	926525	805737	0.06972848	0.06972848	0.005895099	11.82821	
RIRL	923130	789590	0.07796955	0.07796955	0.005950474	13.10308	
RIRL	925918	799287	0.07340055	0.07340055	0.005837649	12.57365	
RIRL	868152	790063	0.0470922	0.0470922	0.006049165	7.78491	
RIRL	864564	800370	0.03855648	0.03855648	0.006145573	6.273863	
RIRL	885857	803486	0.04875919	0.04875919	0.006129701	7.95458	
RIRL	876407	791479	0.05091955	0.05091955	0.005968826	8.530915	
RIRL	873942	799270	0.04462794	0.04462794	0.005871249	7.601098	
RIRL	870066	802786	0.04021874	0.04021874	0.005948172	6.76153	
RIRL	922845	807769	0.06649432	0.06649432	0.005793151	11.47809	
RIRL	919464	793035	0.0738272	0.0738272	0.00584078	12.63996	
RIRL	924676	803696	0.06999651	0.06999651	0.005728269	12.21949	
RIRL	857098	785603	0.04352283	0.04352283	0.005940971	7.325879	
RIRL	861781	803918	0.03473797	0.03473797	0.005979572	5.809441	
RIRL	874585	798239	0.04563899	0.04563899	0.005885571	7.754386	
RIRL	872120	792837	0.04761865	0.04761865	0.005833885	8.162425	
RIRL	877385	797575	0.0476489	0.0476489	0.005701501	8.357256	
RIRL	874512	801990	0.04325793	0.04325793	0.005776786	7.488234	
RIRL	927853	807358	0.06944112	0.06944112	0.005611315	12.3752	
RIRL	923656	791748	0.07689617	0.07689617	0.005668608	13.56527	
RIRL	926952	800463	0.07322444	0.07322444	0.005547525	13.19948	
RIRL	865371	788346	0.04657689	0.04657689	0.005736921	8.118797	
RIRL	864418	800950	0.0381105	0.0381105	0.005824264	6.543401	
RIRL	882216	800276	0.04870157	0.04870157	0.00575391	8.464083	
RIRL	873556	788906	0.05091846	0.05091846	0.005623729	9.054216	
RIRL	871108	812306	0.03493021	0.03493021	0.005794683	6.027975	
RIRL	866557	815205	0.03053464	0.03053464	0.005805125	5.259945	
RIRL	919722	820375	0.05709279	0.05709279	0.005746848	9.934628	
RIRL	916161	804897	0.06464861	0.06464861	0.005756907	11.22975	
RIRL	919398	813944	0.06083854	0.06083854	0.005679139	10.71264	
RIRL	855749	799490	0.03398845	0.03398845	0.005777991	5.882398	
RIRL	854700	812176	0.0255112	0.0255112	0.005815726	4.386588	
RIRL	874217	812944	0.03631722	0.03631722	0.005726015	6.342495	
RIRL	866626	802783	0.03824288	0.03824288	0.005660414	6.756197	
RIRL	874879	798973	0.0453481	0.0453481	0.006210241	7.302148	
RIRL	868672	797278	0.04285483	0.04285483	0.006041699	7.093175	
RIRL	917547	805456	0.0650556	0.0650556	0.005828387	11.16185	
RIRL	915228	791067	0.07276643	0.07276643	0.005978262	12.17184	
RIRL	911870	801419	0.06446723	0.06446723	0.005832455	11.05319	
RIRL	858581	788822	0.04234483	0.04234483	0.006080988	6.963479	
RIRL	855588	799734	0.03374208	0.03374208	0.006247766	5.400662	
RIRL	878464	798756	0.04752388	0.04752388	0.006204224	7.659924	
RIRL	865679	791977	0.04446158	0.04446158	0.005929426	7.498462	
RIRL	873457	808034	0.03890773	0.03890773	0.00625556	6.219704	
RIRL	866515	805745	0.03634004	0.03634004	0.006151119	5.907875	
RIRL	916372	815242	0.05840216	0.05840216	0.005964792	9.791148	
RIRL	912871	799261	0.06635587	0.06635587	0.006078057	10.91728	
RIRL	911564	811759	0.05791427	0.05791427	0.005976652	9.690086	
RIRL	856437	797462	0.03565816	0.03565816	0.006156352	5.792093	
RIRL	855329	809751	0.02737286	0.02737286	0.006325025	4.327708	
RIRL	880095	811310	0.04066737	0.04066737	0.006314928	6.439879	
RIRL	864799	801868	0.03775859	0.03775859	0.005994782	6.298576	
RIRL	874715	806716	0.04044115	0.04044115	0.006212197	6.509959	
RIRL	870421	807737	0.03735286	0.03735286	0.006154476	6.069218	
RIRL	918758	815821	0.05934408	0.05934408	0.005957877	9.96061	
RIRL	915583	799671	0.06757716	0.06757716	0.006074009	11.12563	
RIRL	913159	811859	0.05872402	0.05872402	0.005975424	9.827592	
RIRL	857561	795910	0.03728581	0.03728581	0.006199898	6.013939	
RIRL	859781	812168	0.02847754	0.02847754	0.006302962	4.51812	
RIRL	873189	802238	0.04234801	0.04234801	0.006091621	6.951845	
RIRL	861492	796644	0.03910898	0.03910898	0.005942046	6.581736	
RIRL	871482	800012	0.04275816	0.04275816	0.00611708	6.989962	
RIRL	867517	800858	0.03995445	0.03995445	0.006074348	6.57757	
RIRL	920850	813027	0.06218607	0.06218607	0.005977697	10.40302	
RIRL	914882	795407	0.06985661	0.06985661	0.006075943	11.49725	
RIRL	916730	810443	0.06153813	0.06153813	0.006025243	10.21339	
RIRL	855476	790252	0.03963231	0.03963231	0.006130804	6.464455	
RIRL	860714	808780	0.03110763	0.03110763	0.006262531	4.967262	
RIRL	873536	797747	0.0453478	0.0453478	0.006038308	7.510017	
RIRL	862288	792354	0.04226534	0.04226534	0.005929236	7.128293	
RIRL	867631	808709	0.03514919	0.03514919	0.005852185	6.006166	
RIRL	866151	813109	0.03158653	0.03158653	0.005793497	5.452067	
RIRL	915494	821891	0.0538758	0.0538758	0.005698672	9.454097	
RIRL	911735	804726	0.06234281	0.06234281	0.005794939	10.75815	
RIRL	910499	818055	0.05348054	0.05348054	0.005728962	9.335119	
RIRL	854811	801919	0.03192554	0.03192554	0.005902143	5.409144	
RIRL	857222	819138	0.02271827	0.02271827	0.006087491	3.73196	
RIRL	871108	809441	0.03669456	0.03669456	0.005869304	6.251943	
RIRL	861859	806426	0.03322754	0.03322754	0.005742779	5.785969	
RIRL	876385	799723	0.0457381	0.0457381	0.006158426	7.426914	
RIRL	872155	800476	0.04285404	0.04285404	0.006046041	7.087951	
RIRL	919258	807242	0.06488039	0.06488039	0.005866966	11.05859	
RIRL	917030	791992	0.07316348	0.07316348	0.006034211	12.12478	
RIRL	915362	805362	0.06392658	0.06392658	0.005890723	10.85208	
RIRL	863968	793523	0.04250098	0.04250098	0.006149928	6.91081	
RIRL	862035	805617	0.0338308	0.0338308	0.006329565	5.344885	
RIRL	881814	802355	0.04717994	0.04717994	0.006257744	7.53945	
RIRL	868718	795261	0.04414539	0.04414539	0.00597405	7.389525	
RIRL	873446	798980	0.04452574	0.04452574	0.006014078	7.403585	
RIRL	869640	799991	0.04171521	0.04171521	0.006014745	6.93549	
RIRL	919600	809135	0.06389933	0.06389933	0.005879705	10.86778	
RIRL	916371	794053	0.07151326	0.07151326	0.005970419	11.97793	
RIRL	916206	807514	0.06305664	0.06305664	0.005891441	10.70309	
RIRL	857050	789009	0.0413357	0.0413357	0.006100984	6.775251	
RIRL	861918	807628	0.03251782	0.03251782	0.006199609	5.245141	
RIRL	873690	795634	0.04675905	0.04675905	0.005985715	7.811774	
RIRL	866762	794304	0.04362139	0.04362139	0.005906819	7.38492	
RIRL	874672	802384	0.04310411	0.04310411	0.005853972	7.363224	
RIRL	869289	802108	0.04019452	0.04019452	0.005819008	6.907452	
RIRL	918510	810388	0.0625381	0.0625381	0.005613664	11.14034	
RIRL	915596	795291	0.07031733	0.07031733	0.00574848	12.23233	
RIRL	913860	807426	0.061834	0.061834	0.005631065	10.98087	
RIRL	859466	793413	0.03996239	0.03996239	0.005832262	6.851954	
RIRL	859681	807214	0.03147589	0.03147589	0.005961697	5.279686	
RIRL	877292	801272	0.04528871	0.04528871	0.005854951	7.735114	
RIRL	863499	793463	0.04226772	0.04226772	0.00560049	7.547146	
RIRL	869593	814172	0.03291493	0.03291493	0.005971088	5.512384	
RIRL	864414	813944	0.03007106	0.03007106	0.005872148	5.120964	
RIRL	914296	822781	0.05268333	0.05268333	0.005779897	9.114926	
RIRL	911017	806912	0.06059913	0.06059913	0.00586145	10.33859	
RIRL	909359	819308	0.05209274	0.05209274	0.005771581	9.025732	
RIRL	852738	802712	0.03021897	0.03021897	0.005896836	5.124608	
RIRL	853067	816955	0.02162367	0.02162367	0.005993588	3.6078	
RIRL	871123	811312	0.03555026	0.03555026	0.00589919	6.026295	
RIRL	859220	805418	0.03232054	0.03232054	0.005706183	5.664126	
RIRL	879300	798808	0.04796592	0.04796592	0.005973364	8.029968	
RIRL	877402	794134	0.04981526	0.04981526	0.005760859	8.647194	
RIRL	926611	800291	0.07314833	0.07314833	0.005620113	13.01546	
RIRL	924813	786827	0.08061625	0.08061625	0.005812535	13.86938	
RIRL	924540	795755	0.07486216	0.07486216	0.005657163	13.23316	
RIRL	867026	778768	0.0536264	0.0536264	0.005801927	9.242859	
RIRL	862885	794713	0.04112698	0.04112698	0.005892103	6.980017	
RIRL	884490	794338	0.05369937	0.05369937	0.005832721	9.206572	
RIRL	875054	784678	0.05445216	0.05445216	0.005744913	9.478327	
RIRL	879057	809805	0.04100513	0.04100513	0.006111984	6.708971	
RIRL	873508	802055	0.04264417	0.04264417	0.005895694	7.233105	
RIRL	924678	810345	0.06589711	0.06589711	0.005815622	11.33105	
RIRL	921650	795182	0.07366359	0.07366359	0.005936034	12.40956	
RIRL	923236	806682	0.06737545	0.06737545	0.00587913	11.46011	
RIRL	863907	787818	0.04606639	0.04606639	0.005941868	7.752846	
RIRL	861243	804952	0.03378416	0.03378416	0.005988522	5.641486	
RIRL	886922	808616	0.04618357	0.04618357	0.005948584	7.763793	
RIRL	874329	795608	0.0471401	0.0471401	0.005869744	8.031031	
RIRL	873460	812819	0.03596143	0.03596143	0.005967681	6.026031	
RIRL	872568	810020	0.03717369	0.03717369	0.005788539	6.421946	
RIRL	922888	816819	0.06096946	0.06096946	0.005742887	10.61652	
RIRL	919601	800891	0.06899771	0.06899771	0.005831332	11.83224	
RIRL	920048	811826	0.06248838	0.06248838	0.005765208	10.83888	
RIRL	858500	790180	0.04143921	0.04143921	0.005755476	7.199962	
RIRL	860165	812076	0.02875722	0.02875722	0.005939863	4.841394	
RIRL	875418	805334	0.041698	0.041698	0.005736866	7.268429	
RIRL	866638	796330	0.04227862	0.04227862	0.005637452	7.499598	
RIRL	873458	803491	0.0417228	0.0417228	0.005931482	7.034126	
RIRL	872507	800104	0.04328741	0.04328741	0.005793299	7.47198	
RIRL	926395	810305	0.06684517	0.06684517	0.005811293	11.50263	
RIRL	920240	792436	0.0746224	0.0746224	0.005889887	12.66958	
RIRL	925786	807250	0.06839789	0.06839789	0.005829521	11.73302	
RIRL	859671	782007	0.04730769	0.04730769	0.00580897	8.143904	
RIRL	863368	805006	0.03498137	0.03498137	0.005946658	5.882525	
RIRL	878701	798165	0.04802769	0.04802769	0.005842167	8.220869	
RIRL	868963	788621	0.04846934	0.04846934	0.00568594	8.524419	
RIRL	866390	815976	0.02996613	0.02996613	0.005672838	5.282388	
RIRL	867462	815628	0.03079693	0.03079693	0.005455285	5.645338	
RIRL	917070	821658	0.0548746	0.0548746	0.005487363	10.00018	
RIRL	913121	804865	0.06301332	0.06301332	0.005563347	11.32651	
RIRL	915389	817456	0.05651573	0.05651573	0.005498834	10.27777	
RIRL	855609	796900	0.03552719	0.03552719	0.005588978	6.356652	
RIRL	857500	819616	0.02258878	0.02258878	0.005777912	3.909505	
RIRL	872223	812430	0.03549277	0.03549277	0.005621148	6.31415	
RIRL	866400	806095	0.03605691	0.03605691	0.005498849	6.557174	
RIRL	879725	799696	0.04765273	0.04765273	0.005936928	8.026497	
RIRL	879274	796808	0.04920165	0.04920165	0.00576796	8.530165	
RIRL	926672	800965	0.07276239	0.07276239	0.005668823	12.83554	
RIRL	924903	786594	0.08081171	0.08081171	0.005832639	13.85509	
RIRL	925045	797809	0.07385188	0.07385188	0.0056876	12.98472	
RIRL	870700	783632	0.05263031	0.05263031	0.005931652	8.87279	
RIRL	867233	799961	0.04035043	0.04035043	0.005992595	6.733382	
RIRL	888283	799108	0.05284786	0.05284786	0.005954497	8.875285	
RIRL	878037	788836	0.05351397	0.05351397	0.005851469	9.145391	
RIRL	874005	803355	0.04211976	0.04211976	0.005780477	7.286555	
RIRL	873425	800459	0.04359083	0.04359083	0.005671194	7.68636	
RIRL	924416	807640	0.06742045	0.06742045	0.005651169	11.93036	
RIRL	921835	793354	0.07490778	0.07490778	0.005717489	13.10152	
RIRL	924653	805948	0.06859178	0.06859178	0.00568716	12.06081	
RIRL	859702	781674	0.04753816	0.04753816	0.00574122	8.28015	
RIRL	863729	805172	0.03508716	0.03508716	0.005860102	5.987466	
RIRL	877397	796825	0.04812504	0.04812504	0.005720325	8.41299	
RIRL	872331	791238	0.0487464	0.0487464	0.005620711	8.672639	
RIRL	876403	804733	0.04263189	0.04263189	0.005696237	7.484219	
RIRL	875216	801533	0.04394397	0.04394397	0.005547452	7.921469	
RIRL	925266	807806	0.0677756	0.0677756	0.005480915	12.36575	
RIRL	923286	793815	0.07540092	0.07540092	0.005598563	13.46791	
RIRL	923758	804130	0.06923365	0.06923365	0.00552442	12.53229	
RIRL	864258	784974	0.04807329	0.04807329	0.005579806	8.615584	
RIRL	864479	804770	0.03576998	0.03576998	0.005723261	6.24993	
RIRL	881872	800429	0.04841167	0.04841167	0.005627089	8.603324	
RIRL	871213	789661	0.04910186	0.04910186	0.00544305	9.021019	
RIRL	871051	818690	0.03098759	0.03098759	0.005821245	5.323189	
RIRL	868120	813726	0.03234184	0.03234184	0.005566154	5.810447	
RIRL	918977	820809	0.05642533	0.05642533	0.005597549	10.08036	
RIRL	916388	805725	0.06426001	0.06426001	0.00569238	11.28878	
RIRL	917184	816653	0.05798181	0.05798181	0.005607536	10.33998	
RIRL	856393	795666	0.03675837	0.03675837	0.00558067	6.586732	
RIRL	856067	815182	0.02446374	0.02446374	0.005661692	4.320923	
RIRL	874702	811452	0.0375114	0.0375114	0.005591737	6.708363	
RIRL	865826	802645	0.0378676	0.0378676	0.005505137	6.878595	
WHLL	938032	891073	0.02567321	0.02567321	0.006465585	3.970749	
WHLL	929318	872375	0.03160527	0.03160527	0.006460243	4.892273	
WHLL	931757	882741	0.02701353	0.02701353	0.006371342	4.239849	
WHLL	934893	890331	0.02441454	0.02441454	0.006478894	3.768319	
WHLL	925790	871194	0.03038202	0.03038202	0.006501101	4.673365	
WHLL	927009	880358	0.02581158	0.02581158	0.006417997	4.02175	
WHLL	938079	891434	0.02549586	0.02549586	0.006521793	3.909332	
WHLL	928551	871959	0.03143109	0.03143109	0.006525233	4.816854	
WHLL	929589	881056	0.02680426	0.02680426	0.006444211	4.159433	
WHLL	939392	886892	0.0287469	0.0287469	0.006495633	4.425573	
WHLL	929110	866275	0.03499806	0.03499806	0.006400585	5.467948	
WHLL	932299	878880	0.02949405	0.02949405	0.00639802	4.609871	
WHLL	938900	885543	0.02924564	0.02924564	0.006519305	4.486005	
WHLL	928264	864634	0.03549003	0.03549003	0.006420977	5.5272	
WHLL	930033	875809	0.03002699	0.03002699	0.006437754	4.664202	
WHLL	943982	885603	0.03190833	0.03190833	0.006652571	4.796391	
WHLL	933242	864427	0.03828013	0.03828013	0.006574441	5.822568	
WHLL	934504	875636	0.03252124	0.03252124	0.006589281	4.935477	
WHLL	923776	876817	0.02607974	0.02607974	0.006377617	4.089261	
WHLL	927046	890501	0.02010677	0.02010677	0.006407131	3.138186	
WHLL	918925	876083	0.0238673	0.0238673	0.006384282	3.738448	
WHLL	924347	874685	0.02760485	0.02760485	0.006480397	4.259746	
WHLL	927136	888099	0.0215052	0.0215052	0.006530417	3.293083	
WHLL	937333	892119	0.0247145	0.0247145	0.006457401	3.827315	
WHLL	928087	875082	0.02939547	0.02939547	0.006420839	4.578136	
WHLL	931794	887503	0.02434512	0.02434512	0.006422953	3.790331	
WHLL	934519	892289	0.02311682	0.02311682	0.006482377	3.566103	
WHLL	924527	874293	0.02792608	0.02792608	0.006464456	4.319943	
WHLL	927589	886086	0.02288337	0.02288337	0.006469843	3.536929	
WHLL	937105	892013	0.02465232	0.02465232	0.00654612	3.765943	
WHLL	927133	874385	0.02927975	0.02927975	0.006541735	4.475839	
WHLL	929962	886138	0.02413083	0.02413083	0.006553517	3.682119	
WHLL	939776	887384	0.02867401	0.02867401	0.006268251	4.574483	
WHLL	929222	870902	0.03239777	0.03239777	0.006264539	5.171612	
WHLL	932984	881150	0.02857231	0.02857231	0.006251563	4.570427	
WHLL	935909	887895	0.02632629	0.02632629	0.006266783	4.200927	
WHLL	925086	870769	0.03024576	0.03024576	0.006266569	4.826526	
WHLL	927649	880149	0.02627506	0.02627506	0.006257783	4.198781	
WHLL	940475	886312	0.02964932	0.02964932	0.006340605	4.676104	
WHLL	929990	869862	0.03340719	0.03340719	0.006364955	5.248614	
WHLL	932054	878829	0.02939174	0.02939174	0.006356995	4.623527	
WHLL	936076	891159	0.02458195	0.02458195	0.006441182	3.816373	
WHLL	928284	871376	0.03162153	0.03162153	0.006297044	5.021646	
WHLL	931836	880258	0.0284632	0.0284632	0.006245511	4.557386	
WHLL	932719	891563	0.02256011	0.02256011	0.006418527	3.514842	
WHLL	924367	871196	0.02961244	0.02961244	0.006318589	4.686559	
WHLL	926291	878624	0.02640955	0.02640955	0.006253914	4.222884	
WHLL	939381	889258	0.02741	0.02741	0.00648032	4.22973	
WHLL	930837	868720	0.03451794	0.03451794	0.00637032	5.418557	
WHLL	932845	876599	0.03108469	0.03108469	0.006310606	4.925785	
WHLL	937538	894748	0.02335334	0.02335334	0.006442941	3.62464	
WHLL	930108	875199	0.03041533	0.03041533	0.006436845	4.725191	
WHLL	930808	889121	0.02290584	0.02290584	0.006436092	3.558967	
WHLL	937478	893463	0.02403955	0.02403955	0.006446599	3.729028	
WHLL	929598	873498	0.03111315	0.03111315	0.006508688	4.780249	
WHLL	929578	886635	0.02364425	0.02364425	0.006477196	3.650384	
WHLL	939971	893579	0.02530174	0.02530174	0.006520975	3.880054	
WHLL	931962	873519	0.03236977	0.03236977	0.006555076	4.938123	
WHLL	931431	886563	0.02467995	0.02467995	0.006543005	3.77196	
WHLL	939508	894513	0.02453352	0.02453352	0.006614809	3.708879	
WHLL	929418	873299	0.03113023	0.03113023	0.006582578	4.729186	
WHLL	933607	885672	0.02634835	0.02634835	0.006550186	4.022535	
WHLL	933003	896515	0.01994405	0.01994405	0.006535472	3.051662	
WHLL	921328	873692	0.02653787	0.02653787	0.006491301	4.08822	
WHLL	925686	886291	0.02174145	0.02174145	0.006452247	3.369593	
WHLL	941817	893873	0.0261177	0.0261177	0.006703185	3.896312	
WHLL	929675	871040	0.03256207	0.03256207	0.006655936	4.892184	
WHLL	933506	883130	0.02773038	0.02773038	0.006631135	4.181845	
CWLH	922950	880189	0.02371476	0.02371476	0.0068327	3.470774	
CWLH	918447	875149	0.02414033	0.02414033	0.006813282	3.543128	
CWLH	920935	883824	0.02056286	0.02056286	0.006702441	3.067965	
CWLH	921410	876355	0.02506167	0.02506167	0.006834899	3.666722	
CWLH	922643	883472	0.02168799	0.02168799	0.006729705	3.222725	
CWLH	917576	880530	0.02060279	0.02060279	0.006634945	3.105194	
CWLH	917292	880701	0.02035102	0.02035102	0.006697573	3.038567	
CWLH	915672	878067	0.02096459	0.02096459	0.006612979	3.170219	
CWLH	917746	876104	0.02321376	0.02321376	0.006738047	3.445176	
CWLH	927573	888282	0.02163774	0.02163774	0.006764094	3.198912	
CWLH	918597	869755	0.02731118	0.02731118	0.006716305	4.0664	
CWLH	920161	879899	0.02236703	0.02236703	0.006717224	3.329803	
CWLH	916328	872388	0.02456511	0.02456511	0.006658448	3.689314	
CWLH	913751	876055	0.0210615	0.0210615	0.006491102	3.244672	
CWLH	914278	877930	0.02028113	0.02028113	0.006524142	3.108628	
CWLH	919865	882834	0.02054198	0.02054198	0.006603985	3.110543	
CWLH	918928	875696	0.02408973	0.02408973	0.006623452	3.637035	
CWLH	921838	882871	0.02159185	0.02159185	0.006536393	3.303328	
CWLH	923491	883294	0.0222478	0.0222478	0.006861726	3.242304	
CWLH	917696	879519	0.02124231	0.02124231	0.006738299	3.152474	
CWLH	917300	874008	0.02416781	0.02416781	0.006701068	3.606561	
CWLH	920946	884858	0.01998445	0.01998445	0.006633575	3.012622	
CWLH	920566	876940	0.02427029	0.02427029	0.006790915	3.573936	
CWLH	922631	885801	0.02036571	0.02036571	0.006722202	3.029619	
