BROC	820476	850508	-0.01797264	-0.01797264	0.005353748	-3.357021	
BROC	824028	852298	-0.01686426	-0.01686426	0.005275316	-3.196825	
BROC	830984	861478	-0.01801754	-0.01801754	0.005575451	-3.231584	
CWLH	849393	889505	-0.02306748	-0.02306748	0.006816839	-3.383897	
CWLH	844410	886239	-0.02416955	-0.02416955	0.006701447	-3.606616	
CWLH	897011	935925	-0.02123042	-0.02123042	0.00697961	-3.041777	
CWLH	852847	890934	-0.02184162	-0.02184162	0.00680208	-3.211021	
CWLH	850183	885727	-0.02047572	-0.02047572	0.006793859	-3.013856	
CWLH	884856	927172	-0.02335284	-0.02335284	0.006939771	-3.365074	
CWLH	886948	935380	-0.02657699	-0.02657699	0.006920097	-3.840552	
CWLH	836404	883790	-0.02754689	-0.02754689	0.006735748	-4.089656	
CWLH	847251	885313	-0.0219686	-0.0219686	0.00660386	-3.32663	
CWLH	841778	880946	-0.02273609	-0.02273609	0.006686196	-3.400451	
CWLH	843509	878481	-0.02030906	-0.02030906	0.00664736	-3.055207	
CWLH	887625	946041	-0.03185749	-0.03185749	0.006976707	-4.566265	
CWLH	889849	945694	-0.03042424	-0.03042424	0.00692472	-4.39357	
CWLH	879547	926339	-0.02591083	-0.02591083	0.006856436	-3.779052	
CWLH	849587	896375	-0.02679783	-0.02679783	0.006793469	-3.944646	
CWLH	892375	932758	-0.02212606	-0.02212606	0.006857416	-3.226588	
CWLH	895164	933970	-0.0212155	-0.0212155	0.006991311	-3.034553	
CWLH	885005	947614	-0.03416368	-0.03416368	0.007005264	-4.876858	
CWLH	888694	948208	-0.03239912	-0.03239912	0.006887806	-4.703837	
CWLH	878263	929171	-0.0281659	-0.0281659	0.006854778	-4.108944	
CWLH	849004	899340	-0.02879067	-0.02879067	0.006771989	-4.251435	
CWLH	891200	935372	-0.02418301	-0.02418301	0.006852424	-3.529117	
CWLH	893283	935749	-0.02321775	-0.02321775	0.006985863	-3.323533	
CWLH	883356	944429	-0.03341367	-0.03341367	0.00691559	-4.831644	
CWLH	884972	943128	-0.03181226	-0.03181226	0.006859148	-4.637932	
CWLH	875417	924860	-0.02746411	-0.02746411	0.006772176	-4.055433	
CWLH	844401	893683	-0.02835421	-0.02835421	0.006725021	-4.216226	
CWLH	888324	931360	-0.02365026	-0.02365026	0.006783696	-3.486338	
CWLH	890054	931362	-0.02267906	-0.02267906	0.006910934	-3.28162	
CWLH	885991	944788	-0.03211584	-0.03211584	0.007039714	-4.562094	
CWLH	887159	943196	-0.03061537	-0.03061537	0.006893473	-4.441212	
CWLH	876334	923813	-0.02637507	-0.02637507	0.006903625	-3.820467	
CWLH	838759	886308	-0.02756357	-0.02756357	0.006791486	-4.058548	
CWLH	887444	928582	-0.02265276	-0.02265276	0.006889693	-3.28792	
CWLH	891670	931161	-0.02166465	-0.02166465	0.006964161	-3.110878	
CWLH	889383	939727	-0.02752377	-0.02752377	0.007015046	-3.923534	
CWLH	889480	936102	-0.02553816	-0.02553816	0.006843843	-3.731552	
CWLH	882093	920856	-0.02149978	-0.02149978	0.006893214	-3.118977	
CWLH	843212	881765	-0.02234986	-0.02234986	0.006779131	-3.296863	
CWLH	887133	944151	-0.03113553	-0.03113553	0.006972512	-4.465468	
CWLH	889706	943192	-0.02918111	-0.02918111	0.006878177	-4.242565	
CWLH	878000	923089	-0.0250343	-0.0250343	0.006869212	-3.644421	
CWLH	839097	883771	-0.02593002	-0.02593002	0.006746766	-3.843326	
CWLH	890333	928821	-0.02115709	-0.02115709	0.00687075	-3.079298	
CWLH	841451	875738	-0.01996693	-0.01996693	0.006552632	-3.047162	
CWLH	838128	879852	-0.02428666	-0.02428666	0.006726455	-3.610618	
CWLH	838811	876917	-0.02220981	-0.02220981	0.006643245	-3.343218	
