CWLH	893643	922066	-0.01565394	-0.01565394	0.006893983	-2.270667	
CWLH	893891	925723	-0.01749382	-0.01749382	0.006739504	-2.595713	
CWLH	918832	903591	0.008363042	0.008363042	0.006709116	1.246519	
CWLH	913094	888162	0.01384145	0.01384145	0.006679742	2.072154	
CWLH	911743	893939	0.009859986	0.009859986	0.006594008	1.495295	
CWLH	883180	915296	-0.01785734	-0.01785734	0.006854988	-2.605014	
CWLH	849393	889505	-0.02306748	-0.02306748	0.006816839	-3.383897	
CWLH	893723	918336	-0.01358289	-0.01358289	0.006789865	-2.000466	
CWLH	898431	920317	-0.01203355	-0.01203355	0.00699779	-1.719622	
CWLH	897392	920816	-0.01288301	-0.01288301	0.006971003	-1.848086	
CWLH	899433	926161	-0.01464071	-0.01464071	0.006774475	-2.161159	
CWLH	922816	902407	0.01118165	0.01118165	0.006768029	1.652128	
CWLH	915678	885852	0.01655593	0.01655593	0.006721464	2.463143	
CWLH	916694	893846	0.01261944	0.01261944	0.006678245	1.889634	
CWLH	888298	915377	-0.01501324	-0.01501324	0.006918839	-2.169907	
CWLH	854937	889775	-0.01996777	-0.01996777	0.006841469	-2.918637	
CWLH	898547	917761	-0.0105786	-0.0105786	0.006852639	-1.543727	
CWLH	902952	919756	-0.00921925	-0.00921925	0.007039031	-1.309733	
CWLH	891020	921265	-0.01668888	-0.01668888	0.006869635	-2.429369	
CWLH	891106	924576	-0.01843384	-0.01843384	0.006692381	-2.754452	
CWLH	916557	903160	0.007362134	0.007362134	0.006647712	1.107469	
CWLH	909936	886655	0.01295843	0.01295843	0.006625462	1.955853	
CWLH	909812	893431	0.009084189	0.009084189	0.006550081	1.386882	
CWLH	879719	913685	-0.0189394	-0.0189394	0.006792058	-2.788463	
CWLH	844410	886239	-0.02416955	-0.02416955	0.006701447	-3.606616	
CWLH	890062	916537	-0.01465461	-0.01465461	0.00669347	-2.189389	
CWLH	894339	918119	-0.0131203	-0.0131203	0.006915583	-1.897209	
CWLH	904491	915144	-0.005854471	-0.005854471	0.007041305	-0.8314468	
CWLH	904763	918948	-0.007778096	-0.007778096	0.006884922	-1.129729	
CWLH	934428	901332	0.0180285	0.0180285	0.006871141	2.6238	
CWLH	922950	880189	0.02371476	0.02371476	0.0068327	3.470774	
CWLH	925639	889780	0.01975246	0.01975246	0.006809982	2.900516	
CWLH	890913	905610	-0.008180803	-0.008180803	0.006973455	-1.173135	
CWLH	850930	873758	-0.01323602	-0.01323602	0.006812574	-1.94288	
CWLH	904375	911404	-0.003871066	-0.003871066	0.006965676	-0.5557344	
CWLH	909530	913864	-0.002376886	-0.002376886	0.007100405	-0.3347536	
CWLH	901051	911814	-0.005937011	-0.005937011	0.006946412	-0.8546874	
CWLH	899162	912617	-0.007426402	-0.007426402	0.006776817	-1.095854	
CWLH	928480	894225	0.0187935	0.0187935	0.006759933	2.780131	
CWLH	918447	875149	0.02414033	0.02414033	0.006813282	3.543128	
CWLH	920935	883824	0.02056286	0.02056286	0.006702441	3.067965	
CWLH	891090	905931	-0.008258668	-0.008258668	0.006943231	-1.189456	
CWLH	849995	872177	-0.01288025	-0.01288025	0.006749575	-1.908305	
CWLH	900473	906363	-0.003259842	-0.003259842	0.00687296	-0.4742996	
CWLH	904320	907269	-0.001627853	-0.001627853	0.006943496	-0.2344428	
CWLH	904236	912630	-0.004620044	-0.004620044	0.007024401	-0.6577136	
CWLH	906011	916870	-0.005957054	-0.005957054	0.006879753	-0.8658819	
CWLH	932691	895961	0.02008583	0.02008583	0.006826716	2.94224	
CWLH	921410	876355	0.02506167	0.02506167	0.006834899	3.666722	
CWLH	922643	883472	0.02168799	0.02168799	0.006729705	3.222725	
CWLH	893440	905421	-0.006660326	-0.006660326	0.007009557	-0.9501778	
CWLH	851731	871281	-0.01134641	-0.01134641	0.006863733	-1.653096	
CWLH	905732	909543	-0.002099406	-0.002099406	0.006948879	-0.3021216	
CWLH	909230	909684	-0.0002495995	-0.0002495995	0.007003907	-0.03563718	
CWLH	901394	914158	-0.007030369	-0.007030369	0.006955323	-1.01079	
CWLH	902264	913140	-0.005990953	-0.005990953	0.006893339	-0.869093	
CWLH	924712	897508	0.01492904	0.01492904	0.006708701	2.225325	
CWLH	917576	880530	0.02060279	0.02060279	0.006634945	3.105194	
CWLH	915717	887718	0.01552537	0.01552537	0.006625867	2.343146	
CWLH	889071	904775	-0.008754375	-0.008754375	0.006903765	-1.268058	
CWLH	855617	880225	-0.01417641	-0.01417641	0.006779122	-2.091186	
CWLH	902781	911486	-0.004798081	-0.004798081	0.00689868	-0.6955071	
CWLH	901620	914990	-0.007359863	-0.007359863	0.007008017	-1.050206	
CWLH	901153	914428	-0.007311709	-0.007311709	0.007011334	-1.042841	
CWLH	903416	914858	-0.006292781	-0.006292781	0.00693238	-0.9077375	
CWLH	925698	899019	0.0146209	0.0146209	0.006779222	2.156722	
CWLH	917292	880701	0.02035102	0.02035102	0.006697573	3.038567	
CWLH	916526	889137	0.01516839	0.01516839	0.006688324	2.267891	
CWLH	891119	907597	-0.009160979	-0.009160979	0.006989467	-1.310684	
CWLH	856082	881298	-0.01451381	-0.01451381	0.006797114	-2.13529	
CWLH	904019	913057	-0.004973925	-0.004973925	0.006995428	-0.7110251	
CWLH	902224	916032	-0.00759409	-0.00759409	0.007056057	-1.076251	
CWLH	898295	910831	-0.006929313	-0.006929313	0.006930726	-0.9997961	
CWLH	899608	910057	-0.005773997	-0.005773997	0.006860425	-0.8416384	
CWLH	923013	895611	0.01506744	0.01506744	0.006691465	2.25174	
CWLH	915672	878067	0.02096459	0.02096459	0.006612979	3.170219	
CWLH	914227	885899	0.01573668	0.01573668	0.006610727	2.380476	
CWLH	887593	903069	-0.008642614	-0.008642614	0.006845825	-1.262465	
CWLH	851789	876111	-0.01407605	-0.01407605	0.006751522	-2.08487	
CWLH	900657	909186	-0.004712563	-0.004712563	0.006889826	-0.6839888	
CWLH	899877	912900	-0.007184006	-0.007184006	0.006996693	-1.026772	
CWLH	902266	910430	-0.004503789	-0.004503789	0.007050879	-0.6387556	
CWLH	903846	910138	-0.003468608	-0.003468608	0.006991139	-0.4961435	
CWLH	928075	896308	0.01741246	0.01741246	0.006827067	2.550504	
CWLH	917746	876104	0.02321376	0.02321376	0.006738047	3.445176	
CWLH	919598	886990	0.01804949	0.01804949	0.006779089	2.662525	
CWLH	889992	901693	-0.006530724	-0.006530724	0.007017374	-0.9306507	
CWLH	847336	867902	-0.01199017	-0.01199017	0.006808666	-1.761016	
CWLH	901767	905956	-0.00231728	-0.00231728	0.007029549	-0.3296484	
CWLH	902962	911691	-0.004810286	-0.004810286	0.00712078	-0.675528	
CWLH	903026	904795	-0.0009785261	-0.0009785261	0.007014809	-0.1394943	
CWLH	903512	902473	0.0005753093	0.0005753093	0.006897655	0.08340651	
CWLH	927573	888282	0.02163774	0.02163774	0.006764094	3.198912	
CWLH	918597	869755	0.02731118	0.02731118	0.006716305	4.0664	
CWLH	920161	879899	0.02236703	0.02236703	0.006717224	3.329803	
CWLH	893294	898250	-0.002766329	-0.002766329	0.006963482	-0.3972623	
CWLH	849864	863385	-0.007892023	-0.007892023	0.006801935	-1.160261	
CWLH	901643	898448	0.00177491	0.00177491	0.006975813	0.2544377	
CWLH	902753	903824	-0.0005928339	-0.0005928339	0.007039463	-0.08421578	
CWLH	901751	907674	-0.003273416	-0.003273416	0.006987327	-0.468479	
CWLH	905081	908092	-0.001660625	-0.001660625	0.006911551	-0.240268	
CWLH	927204	892016	0.01934236	0.01934236	0.006709278	2.882926	
CWLH	916328	872388	0.02456511	0.02456511	0.006658448	3.689314	
CWLH	916902	881285	0.01980717	0.01980717	0.006651911	2.977667	
CWLH	890772	900010	-0.00515864	-0.00515864	0.006988873	-0.7381219	
CWLH	845804	863762	-0.01050442	-0.01050442	0.006792011	-1.546585	
CWLH	901578	903267	-0.0009358144	-0.0009358144	0.006897988	-0.1356648	
CWLH	902705	908242	-0.003057516	-0.003057516	0.006998524	-0.4368802	
CWLH	898155	925822	-0.0151685	-0.0151685	0.007102033	-2.135797	
CWLH	900242	933677	-0.01823145	-0.01823145	0.007091587	-2.570856	
CWLH	925787	908427	0.009464544	0.009464544	0.00687649	1.376363	
CWLH	920675	886420	0.01895584	0.01895584	0.006822677	2.778358	
CWLH	920672	896055	0.01355019	0.01355019	0.006808904	1.990069	
CWLH	890267	910856	-0.0114312	-0.0114312	0.007037904	-1.624234	
CWLH	855953	888108	-0.01843686	-0.01843686	0.00691019	-2.668068	
CWLH	902845	923288	-0.01119469	-0.01119469	0.007053742	-1.587057	
CWLH	902544	924589	-0.01206535	-0.01206535	0.007152124	-1.68696	
CWLH	894108	927485	-0.01832297	-0.01832297	0.007033484	-2.605106	
CWLH	897011	935925	-0.02123042	-0.02123042	0.00697961	-3.041777	
CWLH	922513	910823	0.006376354	0.006376354	0.006791032	0.9389375	
CWLH	915718	887059	0.01589714	0.01589714	0.006732409	2.361286	
CWLH	918514	899765	0.0103114	0.0103114	0.006759469	1.525475	
CWLH	887861	914426	-0.01473961	-0.01473961	0.006975056	-2.113188	
CWLH	852847	890934	-0.02184162	-0.02184162	0.00680208	-3.211021	
CWLH	899451	925701	-0.01438236	-0.01438236	0.007029133	-2.046108	
CWLH	898960	926654	-0.01516969	-0.01516969	0.007069514	-2.14579	
CWLH	892890	924108	-0.01718109	-0.01718109	0.006996287	-2.455743	
CWLH	894408	931077	-0.02008726	-0.02008726	0.006975786	-2.87957	
CWLH	921644	907602	0.007676387	0.007676387	0.006787832	1.130904	
CWLH	915872	884975	0.01715693	0.01715693	0.006735171	2.547363	
CWLH	917360	895997	0.01178091	0.01178091	0.006710015	1.755721	
CWLH	886181	910317	-0.01343503	-0.01343503	0.006939962	-1.935893	
CWLH	850183	885727	-0.02047572	-0.02047572	0.006793859	-3.013856	
CWLH	898126	922091	-0.01316601	-0.01316601	0.006972044	-1.888401	
CWLH	897719	922990	-0.01387976	-0.01387976	0.007026159	-1.97544	
CWLH	884856	927172	-0.02335284	-0.02335284	0.006939771	-3.365074	
CWLH	886948	935380	-0.02657699	-0.02657699	0.006920097	-3.840552	
CWLH	917441	915228	0.001207528	0.001207528	0.006819231	0.1770769	
CWLH	908648	889004	0.01092759	0.01092759	0.006708841	1.628834	
CWLH	912938	902847	0.005557376	0.005557376	0.006769885	0.8208966	
CWLH	876868	912328	-0.01981896	-0.01981896	0.006871054	-2.884413	
CWLH	836404	883790	-0.02754689	-0.02754689	0.006735748	-4.089656	
CWLH	887489	923025	-0.01962758	-0.01962758	0.006953946	-2.822509	
CWLH	890342	927372	-0.02037174	-0.02037174	0.007001615	-2.909578	
CWLH	891186	920285	-0.01606374	-0.01606374	0.006892146	-2.330731	
CWLH	890979	925171	-0.01882664	-0.01882664	0.00683234	-2.755519	
CWLH	921331	904617	0.009153601	0.009153601	0.006723909	1.361351	
CWLH	913150	879713	0.01865006	0.01865006	0.006670252	2.796005	
CWLH	917407	893394	0.01326098	0.01326098	0.006637747	1.997814	
CWLH	884985	907028	-0.01230069	-0.01230069	0.006839055	-1.798595	
CWLH	842687	876700	-0.01978205	-0.01978205	0.006652872	-2.97346	
CWLH	892943	914486	-0.01191914	-0.01191914	0.006927948	-1.720443	
CWLH	893292	915855	-0.01247162	-0.01247162	0.006895401	-1.808687	
CWLH	893560	922679	-0.01603258	-0.01603258	0.007007486	-2.287922	
CWLH	895589	929662	-0.01866757	-0.01866757	0.006958919	-2.682539	
CWLH	924030	907425	0.009066562	0.009066562	0.006792795	1.334732	
CWLH	915443	882501	0.01832204	0.01832204	0.006737991	2.719214	
CWLH	918138	894242	0.01318487	0.01318487	0.006737621	1.956903	
CWLH	885595	907376	-0.01214799	-0.01214799	0.006942829	-1.749718	
CWLH	843767	877357	-0.01951632	-0.01951632	0.006801643	-2.869353	
CWLH	897109	918833	-0.01196294	-0.01196294	0.00699455	-1.710323	
CWLH	897508	920283	-0.01252894	-0.01252894	0.006994153	-1.791345	
CWLH	901676	916350	-0.008071392	-0.008071392	0.006829823	-1.181786	
CWLH	902585	919484	-0.009274621	-0.009274621	0.006753808	-1.373243	
CWLH	923406	901624	0.01193515	0.01193515	0.006565215	1.817937	
CWLH	916002	887192	0.0159772	0.0159772	0.006580353	2.428016	
CWLH	916620	895406	0.01170734	0.01170734	0.006547591	1.788038	
CWLH	889733	913166	-0.0129974	-0.0129974	0.006763034	-1.92183	
CWLH	853017	886541	-0.01927156	-0.01927156	0.006616901	-2.912475	
CWLH	901798	918124	-0.008970714	-0.008970714	0.00672915	-1.333112	
CWLH	901911	918439	-0.009079573	-0.009079573	0.006804004	-1.334445	
CWLH	901672	917172	-0.008521896	-0.008521896	0.006913446	-1.232655	
CWLH	903556	921408	-0.009782111	-0.009782111	0.006821061	-1.434104	
CWLH	923952	903190	0.0113631	0.0113631	0.006630759	1.713696	
CWLH	915178	887396	0.0154124	0.0154124	0.006642765	2.320179	
CWLH	917181	896936	0.0111597	0.0111597	0.00662785	1.683758	
CWLH	891424	915883	-0.0135334	-0.0135334	0.00683307	-1.980573	
CWLH	853969	888286	-0.01969689	-0.01969689	0.00668592	-2.946025	
CWLH	902182	919110	-0.009294501	-0.009294501	0.006814945	-1.363841	
CWLH	902224	919535	-0.009502355	-0.009502355	0.006852441	-1.386711	
CWLH	896759	916287	-0.01077082	-0.01077082	0.006837173	-1.575333	
CWLH	897408	919074	-0.01192745	-0.01192745	0.006729329	-1.772458	
CWLH	918994	901874	0.009402109	0.009402109	0.006557728	1.433745	
CWLH	911370	887403	0.01332408	0.01332408	0.006576081	2.026143	
CWLH	912249	895617	0.009199797	0.009199797	0.006547289	1.405131	
CWLH	885285	913507	-0.01568942	-0.01568942	0.006724218	-2.33327	
CWLH	847251	885313	-0.0219686	-0.0219686	0.00660386	-3.32663	
CWLH	897170	918337	-0.011659	-0.011659	0.006705846	-1.738633	
CWLH	896938	918279	-0.01175672	-0.01175672	0.006778346	-1.734453	
CWLH	896550	916831	-0.01118408	-0.01118408	0.00687854	-1.625938	
CWLH	897796	920387	-0.01242504	-0.01242504	0.006777831	-1.833189	
CWLH	921485	905227	0.008900144	0.008900144	0.006626291	1.343156	
CWLH	910386	887051	0.01298237	0.01298237	0.006617612	1.961791	
CWLH	914152	898244	0.008777331	0.008777331	0.006624312	1.325018	
CWLH	883342	912530	-0.01625283	-0.01625283	0.00682156	-2.382568	
CWLH	841778	880946	-0.02273609	-0.02273609	0.006686196	-3.400451	
CWLH	896013	917609	-0.01190766	-0.01190766	0.006834843	-1.7422	
CWLH	897259	919096	-0.01202243	-0.01202243	0.006829146	-1.760459	
CWLH	897785	914119	-0.009014826	-0.009014826	0.0068428	-1.317418	
CWLH	896504	914754	-0.01007587	-0.01007587	0.006716236	-1.500226	
CWLH	919968	899234	0.0113973	0.0113973	0.006574338	1.733605	
CWLH	910435	882372	0.01565311	0.01565311	0.006634969	2.359183	
CWLH	913030	892681	0.01126925	0.01126925	0.006557329	1.718572	
CWLH	886153	911396	-0.01404301	-0.01404301	0.006804667	-2.063732	
CWLH	843509	878481	-0.02030906	-0.02030906	0.00664736	-3.055207	
CWLH	895400	912476	-0.009445338	-0.009445338	0.006802986	-1.388411	
CWLH	896140	913329	-0.009499472	-0.009499472	0.006757731	-1.405719	
CWLH	901844	912465	-0.005854019	-0.005854019	0.006880452	-0.850819	
CWLH	904845	917291	-0.006830445	-0.006830445	0.006805588	-1.003652	
CWLH	925909	899148	0.0146631	0.0146631	0.006605395	2.219868	
CWLH	914880	881626	0.01851038	0.01851038	0.006651991	2.782682	
CWLH	916777	890942	0.01429149	0.01429149	0.006580051	2.171942	
CWLH	889562	908978	-0.01079542	-0.01079542	0.006837526	-1.578849	
CWLH	846310	875335	-0.01685888	-0.01685888	0.006709475	-2.512697	
CWLH	902470	914145	-0.006426788	-0.006426788	0.006831755	-0.9407229	
CWLH	902087	913303	-0.006178287	-0.006178287	0.006764839	-0.913294	
CWLH	900414	914400	-0.007706575	-0.007706575	0.006715276	-1.147618	
CWLH	899920	919843	-0.01094813	-0.01094813	0.006634187	-1.650259	
CWLH	923448	897098	0.01447368	0.01447368	0.006487275	2.231088	
CWLH	915941	884097	0.01769074	0.01769074	0.006523236	2.711957	
CWLH	915882	889605	0.01455397	0.01455397	0.006469975	2.249463	
CWLH	888527	909686	-0.01176668	-0.01176668	0.006595229	-1.78412	
CWLH	852887	881775	-0.01665339	-0.01665339	0.006521716	-2.553529	
CWLH	900995	915466	-0.00796659	-0.00796659	0.006627895	-1.201979	
CWLH	903012	913862	-0.005971796	-0.005971796	0.006704453	-0.8907208	
CWLH	902088	914511	-0.006838603	-0.006838603	0.006732524	-1.015756	
CWLH	902817	920931	-0.009932293	-0.009932293	0.006651029	-1.493347	
CWLH	926058	897900	0.01543786	0.01543786	0.006520952	2.367424	
CWLH	917407	883973	0.01856021	0.01856021	0.006561355	2.828717	
CWLH	918821	890864	0.01544854	0.01544854	0.00650287	2.37565	
CWLH	891916	911740	-0.01099101	-0.01099101	0.00662862	-1.658114	
CWLH	856038	883056	-0.01553568	-0.01553568	0.00655979	-2.368319	
CWLH	903737	916397	-0.006955532	-0.006955532	0.006681376	-1.041033	
CWLH	905364	914134	-0.004820011	-0.004820011	0.006742368	-0.714884	
CWLH	896815	913279	-0.00909566	-0.00909566	0.006689212	-1.359751	
CWLH	896302	918350	-0.01214999	-0.01214999	0.006552309	-1.854306	
CWLH	920591	896651	0.01317381	0.01317381	0.006419975	2.052003	
CWLH	912856	883210	0.01650607	0.01650607	0.006469027	2.551555	
CWLH	913438	889379	0.01334523	0.01334523	0.006398216	2.085773	
CWLH	884989	908726	-0.01323343	-0.01323343	0.006535198	-2.024947	
CWLH	848632	879910	-0.01809502	-0.01809502	0.006466612	-2.798222	
CWLH	897615	914742	-0.009450125	-0.009450125	0.006544638	-1.443949	
CWLH	899947	913025	-0.00721357	-0.00721357	0.00664058	-1.086286	
CWLH	898546	913226	-0.008102565	-0.008102565	0.006718552	-1.205999	
CWLH	897607	918104	-0.01128869	-0.01128869	0.006569859	-1.718255	
CWLH	924377	898495	0.01419847	0.01419847	0.006481212	2.190713	
CWLH	913761	882039	0.01766455	0.01766455	0.006498172	2.718388	
CWLH	916733	890537	0.01449479	0.01449479	0.006463063	2.242712	
CWLH	885410	907339	-0.01223205	-0.01223205	0.006602029	-1.852772	
CWLH	843455	873080	-0.01725861	-0.01725861	0.006500836	-2.654829	
CWLH	896818	911877	-0.008325892	-0.008325892	0.006659124	-1.250298	
CWLH	901328	912642	-0.006237148	-0.006237148	0.006667752	-0.93542	
CWLH	899804	909091	-0.005134074	-0.005134074	0.006648733	-0.7721882	
CWLH	896770	911676	-0.008242436	-0.008242436	0.006493858	-1.269266	
CWLH	923694	891964	0.01747576	0.01747576	0.006425987	2.719545	
CWLH	913751	876055	0.0210615	0.0210615	0.006491102	3.244672	
CWLH	917422	885398	0.01776328	0.01776328	0.006405564	2.773102	
CWLH	888855	905162	-0.009089657	-0.009089657	0.006565163	-1.384529	
CWLH	846221	869914	-0.01380602	-0.01380602	0.006438996	-2.144127	
CWLH	896863	905534	-0.004810816	-0.004810816	0.006615124	-0.727245	
CWLH	900665	905760	-0.002820488	-0.002820488	0.006613535	-0.4264721	
CWLH	900263	909825	-0.005282616	-0.005282616	0.006705956	-0.7877499	
CWLH	901340	916649	-0.008420843	-0.008420843	0.006621961	-1.271654	
CWLH	925978	894810	0.01711786	0.01711786	0.006465332	2.647639	
CWLH	914278	877930	0.02028113	0.02028113	0.006524142	3.108628	
CWLH	917130	886119	0.01719729	0.01719729	0.006445625	2.668057	
CWLH	887925	904894	-0.009464982	-0.009464982	0.00660077	-1.433921	
CWLH	845238	869724	-0.01427787	-0.01427787	0.006529699	-2.186604	
CWLH	899944	909820	-0.005457065	-0.005457065	0.006638554	-0.8220262	
CWLH	902927	908642	-0.003154724	-0.003154724	0.00662803	-0.475967	
CWLH	887625	946041	-0.03185749	-0.03185749	0.006976707	-4.566265	
CWLH	889849	945694	-0.03042424	-0.03042424	0.00692472	-4.39357	
CWLH	916890	923377	-0.003525032	-0.003525032	0.006858541	-0.5139623	
CWLH	911866	902983	0.004894622	0.004894622	0.006805497	0.719216	
CWLH	908547	913731	-0.002844791	-0.002844791	0.006804309	-0.4180867	
CWLH	879547	926339	-0.02591083	-0.02591083	0.006856436	-3.779052	
CWLH	849587	896375	-0.02679783	-0.02679783	0.006793469	-3.944646	
CWLH	892375	932758	-0.02212606	-0.02212606	0.006857416	-3.226588	
CWLH	895164	933970	-0.0212155	-0.0212155	0.006991311	-3.034553	
CWLH	885005	947614	-0.03416368	-0.03416368	0.007005264	-4.876858	
CWLH	888694	948208	-0.03239912	-0.03239912	0.006887806	-4.703837	
CWLH	916278	926558	-0.005578359	-0.005578359	0.006862543	-0.8128705	
CWLH	908640	903850	0.002642773	0.002642773	0.006778515	0.3898749	
CWLH	907915	916812	-0.004875798	-0.004875798	0.00681473	-0.7154793	
CWLH	878263	929171	-0.0281659	-0.0281659	0.006854778	-4.108944	
CWLH	849004	899340	-0.02879067	-0.02879067	0.006771989	-4.251435	
CWLH	891200	935372	-0.02418301	-0.02418301	0.006852424	-3.529117	
CWLH	893283	935749	-0.02321775	-0.02321775	0.006985863	-3.323533	
CWLH	883356	944429	-0.03341367	-0.03341367	0.00691559	-4.831644	
CWLH	884972	943128	-0.03181226	-0.03181226	0.006859148	-4.637932	
CWLH	913983	922841	-0.004822454	-0.004822454	0.006797742	-0.70942	
CWLH	907191	900986	0.003431633	0.003431633	0.006712792	0.5112081	
CWLH	905250	912932	-0.0042251	-0.0042251	0.006754767	-0.6254989	
CWLH	875417	924860	-0.02746411	-0.02746411	0.006772176	-4.055433	
CWLH	844401	893683	-0.02835421	-0.02835421	0.006725021	-4.216226	
CWLH	888324	931360	-0.02365026	-0.02365026	0.006783696	-3.486338	
CWLH	890054	931362	-0.02267906	-0.02267906	0.006910934	-3.28162	
CWLH	885991	944788	-0.03211584	-0.03211584	0.007039714	-4.562094	
CWLH	887159	943196	-0.03061537	-0.03061537	0.006893473	-4.441212	
CWLH	917264	923918	-0.003613983	-0.003613983	0.006851929	-0.5274402	
CWLH	907768	899101	0.004796695	0.004796695	0.006798758	0.7055253	
CWLH	909229	915151	-0.003246034	-0.003246034	0.006852202	-0.4737213	
CWLH	876334	923813	-0.02637507	-0.02637507	0.006903625	-3.820467	
CWLH	838759	886308	-0.02756357	-0.02756357	0.006791486	-4.058548	
CWLH	887444	928582	-0.02265276	-0.02265276	0.006889693	-3.28792	
CWLH	891670	931161	-0.02166465	-0.02166465	0.006964161	-3.110878	
CWLH	889383	939727	-0.02752377	-0.02752377	0.007015046	-3.923534	
CWLH	889480	936102	-0.02553816	-0.02553816	0.006843843	-3.731552	
CWLH	918256	915258	0.001635112	0.001635112	0.006771391	0.2414735	
CWLH	910973	893281	0.009805715	0.009805715	0.006819526	1.437888	
CWLH	911060	907032	0.002215509	0.002215509	0.006763233	0.3275814	
CWLH	882093	920856	-0.02149978	-0.02149978	0.006893214	-3.118977	
CWLH	843212	881765	-0.02234986	-0.02234986	0.006779131	-3.296863	
CWLH	890110	921839	-0.01751098	-0.01751098	0.00688095	-2.544849	
CWLH	891869	921499	-0.01633976	-0.01633976	0.00686549	-2.379985	
CWLH	887133	944151	-0.03113553	-0.03113553	0.006972512	-4.465468	
CWLH	889706	943192	-0.02918111	-0.02918111	0.006878177	-4.242565	
CWLH	917294	920943	-0.001985054	-0.001985054	0.00675074	-0.2940499	
CWLH	908535	898272	0.005680186	0.005680186	0.006777332	0.8381154	
CWLH	907646	910587	-0.001617504	-0.001617504	0.006736602	-0.2401069	
CWLH	878000	923089	-0.0250343	-0.0250343	0.006869212	-3.644421	
CWLH	839097	883771	-0.02593002	-0.02593002	0.006746766	-3.843326	
CWLH	890333	928821	-0.02115709	-0.02115709	0.00687075	-3.079298	
CWLH	891238	927395	-0.01988142	-0.01988142	0.006858822	-2.898664	
CWLH	899905	916821	-0.009311256	-0.009311256	0.006810331	-1.367225	
CWLH	898162	922560	-0.01340018	-0.01340018	0.006695407	-2.001399	
CWLH	926119	902791	0.01275514	0.01275514	0.006707857	1.901522	
CWLH	919164	883944	0.01953294	0.01953294	0.0065628	2.976312	
CWLH	918957	888954	0.0165954	0.0165954	0.006523946	2.543767	
CWLH	889341	906519	-0.009565334	-0.009565334	0.006652007	-1.437962	
CWLH	853610	884145	-0.01757152	-0.01757152	0.00664028	-2.646202	
CWLH	900562	913370	-0.007060904	-0.007060904	0.006681636	-1.056763	
CWLH	904489	914369	-0.00543198	-0.00543198	0.006896981	-0.787588	
CWLH	902106	917328	-0.008366338	-0.008366338	0.006885215	-1.215117	
CWLH	901411	923869	-0.01230387	-0.01230387	0.006716875	-1.831784	
CWLH	928272	902947	0.01382959	0.01382959	0.006763709	2.044675	
CWLH	919865	882834	0.02054198	0.02054198	0.006603985	3.110543	
CWLH	922196	890446	0.01751587	0.01751587	0.006601159	2.653453	
CWLH	892930	908503	-0.008644784	-0.008644784	0.006705581	-1.289192	
CWLH	855339	884089	-0.01652842	-0.01652842	0.006623661	-2.49536	
CWLH	902853	913745	-0.005995823	-0.005995823	0.006717798	-0.892528	
CWLH	906010	914110	-0.004450256	-0.004450256	0.006905217	-0.6444774	
CWLH	898332	916052	-0.0097664	-0.0097664	0.006828218	-1.4303	
CWLH	895653	920518	-0.01369089	-0.01369089	0.006698458	-2.043887	
CWLH	924820	901897	0.01254874	0.01254874	0.006703785	1.871889	
CWLH	916076	881286	0.01935615	0.01935615	0.006546035	2.956926	
CWLH	917564	887986	0.01638171	0.01638171	0.006523662	2.511122	
CWLH	887616	905587	-0.01002173	-0.01002173	0.00665184	-1.50661	
CWLH	849336	880250	-0.01787364	-0.01787364	0.006575652	-2.718155	
CWLH	896885	910450	-0.007505526	-0.007505526	0.006620954	-1.133602	
CWLH	900535	911079	-0.005820224	-0.005820224	0.006815646	-0.8539505	
CWLH	895285	915349	-0.0110812	-0.0110812	0.006802499	-1.62899	
CWLH	894092	921556	-0.01512628	-0.01512628	0.006690766	-2.260769	
CWLH	924588	904457	0.01100629	0.01100629	0.006708296	1.640698	
CWLH	913509	881693	0.0177228	0.0177228	0.006563009	2.700407	
CWLH	918189	891155	0.01494133	0.01494133	0.006581133	2.270327	
CWLH	884317	904823	-0.01146137	-0.01146137	0.006731536	-1.702638	
CWLH	841451	875738	-0.01996693	-0.01996693	0.006552632	-3.047162	
CWLH	894734	910800	-0.008898199	-0.008898199	0.006691277	-1.329821	
CWLH	900149	913325	-0.007265613	-0.007265613	0.006797454	-1.068873	
CWLH	894442	913322	-0.01044384	-0.01044384	0.006788343	-1.538496	
CWLH	890768	916134	-0.01403839	-0.01403839	0.006629151	-2.117676	
CWLH	921228	898551	0.0124614	0.0124614	0.006661334	1.870707	
CWLH	911845	877921	0.01895443	0.01895443	0.006597554	2.872948	
CWLH	915629	886206	0.01632946	0.01632946	0.006527324	2.501709	
CWLH	885359	904379	-0.01062725	-0.01062725	0.006734382	-1.578059	
CWLH	841407	873746	-0.01885488	-0.01885488	0.006531905	-2.886582	
CWLH	892612	906699	-0.007829108	-0.007829108	0.006660437	-1.175465	
CWLH	896086	906425	-0.005735887	-0.005735887	0.006691805	-0.857151	
CWLH	902486	911233	-0.004822688	-0.004822688	0.006877546	-0.7012221	
CWLH	901875	917075	-0.008356469	-0.008356469	0.006737987	-1.240203	
CWLH	930310	897488	0.01795713	0.01795713	0.006674397	2.690449	
CWLH	918928	875696	0.02408973	0.02408973	0.006623452	3.637035	
CWLH	921838	882871	0.02159185	0.02159185	0.006536393	3.303328	
CWLH	891825	900970	-0.005100974	-0.005100974	0.006786768	-0.7516057	
CWLH	846957	869397	-0.01307423	-0.01307423	0.006640979	-1.96872	
CWLH	902733	907399	-0.002577713	-0.002577713	0.006749014	-0.3819391	
CWLH	904893	905557	-0.0003667596	-0.0003667596	0.006763661	-0.05422502	
CWLH	905614	913614	-0.00439747	-0.00439747	0.007076344	-0.6214325	
CWLH	906752	918813	-0.006606722	-0.006606722	0.006992119	-0.9448812	
CWLH	929176	899895	0.01600867	0.01600867	0.006892828	2.322512	
CWLH	923491	883294	0.0222478	0.0222478	0.006861726	3.242304	
CWLH	921138	892823	0.01560949	0.01560949	0.006863145	2.274393	
CWLH	895183	906376	-0.006212952	-0.006212952	0.007061223	-0.8798691	
CWLH	860141	884324	-0.0138627	-0.0138627	0.006925569	-2.00167	
CWLH	907551	908690	-0.0006271194	-0.0006271194	0.006975712	-0.08990042	
CWLH	907383	914441	-0.003874139	-0.003874139	0.007104803	-0.5452845	
CWLH	901040	916709	-0.008620002	-0.008620002	0.007151582	-1.205328	
CWLH	903327	923086	-0.01081847	-0.01081847	0.007021341	-1.540799	
CWLH	925200	903528	0.01185086	0.01185086	0.006981086	1.697567	
CWLH	918641	886036	0.01806694	0.01806694	0.006941842	2.602615	
CWLH	918680	897834	0.01147583	0.01147583	0.006944476	1.652512	
CWLH	892745	911817	-0.01056877	-0.01056877	0.007139253	-1.480375	
CWLH	857447	888997	-0.01806528	-0.01806528	0.00699535	-2.58247	
CWLH	904020	912556	-0.00469895	-0.00469895	0.007060194	-0.6655554	
CWLH	903465	918105	-0.008037023	-0.008037023	0.007162433	-1.122108	
CWLH	899773	914045	-0.007868485	-0.007868485	0.007035687	-1.118368	
CWLH	900059	918212	-0.00998366	-0.00998366	0.006942187	-1.438115	
CWLH	923506	900339	0.01270229	0.01270229	0.006849237	1.854555	
CWLH	917089	882655	0.01913272	0.01913272	0.006825978	2.802928	
CWLH	916036	893484	0.01246297	0.01246297	0.006816677	1.828306	
CWLH	889770	907160	-0.009677617	-0.009677617	0.007024461	-1.377702	
CWLH	852919	883259	-0.01747517	-0.01747517	0.006889654	-2.536436	
CWLH	901817	909229	-0.004092662	-0.004092662	0.006923058	-0.5911639	
CWLH	901390	914710	-0.007334398	-0.007334398	0.007048802	-1.040517	
CWLH	891970	916921	-0.01379353	-0.01379353	0.006891591	-2.001502	
CWLH	892245	921712	-0.0162446	-0.0162446	0.006768457	-2.400044	
CWLH	918214	906172	0.006600577	0.006600577	0.006712222	0.9833668	
CWLH	909457	885364	0.01342362	0.01342362	0.006678736	2.009905	
CWLH	910964	899568	0.006294283	0.006294283	0.006771062	0.9295858	
CWLH	878840	907510	-0.01604949	-0.01604949	0.00691284	-2.321692	
CWLH	838128	879852	-0.02428666	-0.02428666	0.006726455	-3.610618	
CWLH	891577	909873	-0.01015626	-0.01015626	0.006855288	-1.481523	
CWLH	893680	917723	-0.01327314	-0.01327314	0.006933073	-1.914467	
CWLH	891687	913875	-0.01228869	-0.01228869	0.006835206	-1.797853	
CWLH	890432	916096	-0.01420626	-0.01420626	0.006692813	-2.122614	
CWLH	915364	899345	0.008827311	0.008827311	0.006597115	1.338056	
CWLH	908024	880700	0.01527569	0.01527569	0.006655877	2.295069	
CWLH	908395	893139	0.008468339	0.008468339	0.006620621	1.279085	
CWLH	881695	907207	-0.01426126	-0.01426126	0.006882581	-2.07208	
CWLH	838811	876917	-0.02220981	-0.02220981	0.006643245	-3.343218	
CWLH	890254	904615	-0.008001141	-0.008001141	0.00676091	-1.183442	
CWLH	890374	910318	-0.01107574	-0.01107574	0.006786092	-1.632124	
CWLH	895849	914894	-0.01051778	-0.01051778	0.006988906	-1.504925	
CWLH	897452	920276	-0.01255633	-0.01255633	0.006876626	-1.825944	
CWLH	921325	902327	0.01041756	0.01041756	0.006709939	1.552556	
CWLH	912263	882636	0.01650622	0.01650622	0.00675696	2.442847	
CWLH	911084	893110	0.009962343	0.009962343	0.006746004	1.476777	
CWLH	884063	906325	-0.01243418	-0.01243418	0.006993446	-1.777976	
CWLH	840798	875766	-0.02037093	-0.02037093	0.006827806	-2.983525	
CWLH	896468	908261	-0.006534499	-0.006534499	0.006890292	-0.9483632	
CWLH	897121	913891	-0.009260016	-0.009260016	0.006921019	-1.337956	
CWLH	899914	922271	-0.01226934	-0.01226934	0.00695005	-1.765359	
CWLH	903162	922830	-0.01077113	-0.01077113	0.006852729	-1.571802	
CWLH	927761	902964	0.01354491	0.01354491	0.006748639	2.007058	
CWLH	920269	885034	0.0195175	0.0195175	0.006718962	2.904839	
CWLH	921405	893281	0.015498	0.015498	0.006677812	2.32082	
CWLH	893531	904939	-0.006343169	-0.006343169	0.006885868	-0.9211866	
CWLH	854865	884808	-0.01721186	-0.01721186	0.006732911	-2.556377	
CWLH	903578	912131	-0.004710557	-0.004710557	0.006797538	-0.6929799	
CWLH	906449	914678	-0.00451863	-0.00451863	0.006884668	-0.6563324	
CWLH	898187	923372	-0.01382607	-0.01382607	0.006982581	-1.98008	
CWLH	902335	924631	-0.01220384	-0.01220384	0.006865616	-1.77753	
CWLH	927072	904744	0.012189	0.012189	0.006789817	1.795188	
CWLH	918364	885535	0.01819891	0.01819891	0.006748188	2.696859	
CWLH	921279	895365	0.01426477	0.01426477	0.006726378	2.12072	
CWLH	893445	907676	-0.00790119	-0.00790119	0.006903022	-1.144599	
CWLH	855182	887352	-0.01846162	-0.01846162	0.006783444	-2.72157	
CWLH	903756	914693	-0.006014466	-0.006014466	0.006877004	-0.8745766	
CWLH	906231	917068	-0.005943622	-0.005943622	0.006940459	-0.8563731	
CWLH	895727	922024	-0.01446678	-0.01446678	0.006952665	-2.080753	
CWLH	898005	921821	-0.01308697	-0.01308697	0.006856803	-1.90861	
CWLH	923888	903016	0.01142479	0.01142479	0.006740509	1.694945	
CWLH	916032	884331	0.01760812	0.01760812	0.006710688	2.623891	
CWLH	917640	893180	0.01350769	0.01350769	0.00665156	2.030756	
CWLH	889096	904771	-0.008738106	-0.008738106	0.006848167	-1.275977	
CWLH	849905	883620	-0.01944881	-0.01944881	0.006725712	-2.891711	
CWLH	899181	911887	-0.00701575	-0.00701575	0.006801543	-1.031494	
CWLH	901581	913887	-0.006778417	-0.006778417	0.006864894	-0.9874031	
CWLH	896707	916595	-0.01096784	-0.01096784	0.006970083	-1.573559	
CWLH	899929	917424	-0.009626638	-0.009626638	0.006850479	-1.40525	
CWLH	929776	902462	0.01490745	0.01490745	0.006836861	2.180453	
CWLH	917696	879519	0.02124231	0.02124231	0.006738299	3.152474	
CWLH	921997	891031	0.01707971	0.01707971	0.006740155	2.534024	
CWLH	891486	900630	-0.005102348	-0.005102348	0.006913676	-0.7380081	
CWLH	846251	873862	-0.01605185	-0.01605185	0.006738435	-2.382134	
CWLH	900401	906511	-0.00338146	-0.00338146	0.006879831	-0.4915033	
CWLH	905372	911049	-0.003125377	-0.003125377	0.006960571	-0.4490115	
CWLH	898234	913559	-0.008458472	-0.008458472	0.006906656	-1.224684	
CWLH	899108	911607	-0.006902798	-0.006902798	0.006767255	-1.020029	
CWLH	928579	896045	0.01783052	0.01783052	0.006766438	2.635142	
CWLH	917300	874008	0.02416781	0.02416781	0.006701068	3.606561	
CWLH	920946	884858	0.01998445	0.01998445	0.006633575	3.012622	
CWLH	893654	898289	-0.002586578	-0.002586578	0.006872866	-0.3763463	
CWLH	847118	869748	-0.01318099	-0.01318099	0.006659198	-1.979367	
CWLH	900078	900740	-0.0003676107	-0.0003676107	0.006832469	-0.0538035	
CWLH	903072	903788	-0.0003962676	-0.0003962676	0.006871584	-0.05766757	
CWLH	901267	915625	-0.007902506	-0.007902506	0.007015817	-1.126384	
CWLH	905210	916644	-0.006276024	-0.006276024	0.006891163	-0.9107351	
CWLH	933030	899384	0.01836157	0.01836157	0.006857209	2.677703	
CWLH	920566	876940	0.02427029	0.02427029	0.006790915	3.573936	
CWLH	922631	885801	0.02036571	0.02036571	0.006722202	3.029619	
CWLH	895390	898629	-0.001805444	-0.001805444	0.006933986	-0.260376	
CWLH	849398	870749	-0.01241231	-0.01241231	0.006772324	-1.832799	
CWLH	905827	906125	-0.0001644635	-0.0001644635	0.006890183	-0.02386925	
CWLH	908220	907741	0.0002637722	0.0002637722	0.006936014	0.03802936	
