WHLL	912164	908833	0.001829218	0.001829218	0.006756435	0.2707371	
WHLL	908829	908950	-6.656475e-05	-6.656475e-05	0.006613986	-0.01006424	
WHLL	938032	891073	0.02567321	0.02567321	0.006465585	3.970749	
WHLL	929318	872375	0.03160527	0.03160527	0.006460243	4.892273	
WHLL	931757	882741	0.02701353	0.02701353	0.006371342	4.239849	
WHLL	901490	903616	-0.00117777	-0.00117777	0.006716108	-0.175365	
WHLL	866381	876850	-0.006005515	-0.006005515	0.006573599	-0.913581	
WHLL	912432	906286	0.003379303	0.003379303	0.00659771	0.5121934	
WHLL	911810	903623	0.004509668	0.004509668	0.006730842	0.6700005	
WHLL	909513	908854	0.0003624131	0.0003624131	0.006793845	0.05334432	
WHLL	905851	908608	-0.001519461	-0.001519461	0.006654296	-0.2283429	
WHLL	934893	890331	0.02441454	0.02441454	0.006478894	3.768319	
WHLL	925790	871194	0.03038202	0.03038202	0.006501101	4.673365	
WHLL	927009	880358	0.02581158	0.02581158	0.006417997	4.02175	
WHLL	899969	904303	-0.002402077	-0.002402077	0.006731547	-0.3568387	
WHLL	863473	875941	-0.007167931	-0.007167931	0.006589223	-1.087826	
WHLL	911172	907376	0.00208738	0.00208738	0.006723989	0.3104377	
WHLL	906776	900644	0.003392681	0.003392681	0.006748167	0.502756	
WHLL	911839	908802	0.001668094	0.001668094	0.006815554	0.2447481	
WHLL	909015	909454	-0.0002414119	-0.0002414119	0.006695378	-0.03605649	
WHLL	938079	891434	0.02549586	0.02549586	0.006521793	3.909332	
WHLL	928551	871959	0.03143109	0.03143109	0.006525233	4.816854	
WHLL	929589	881056	0.02680426	0.02680426	0.006444211	4.159433	
WHLL	902413	904921	-0.001387679	-0.001387679	0.006778397	-0.2047209	
WHLL	864948	875468	-0.006044532	-0.006044532	0.006629803	-0.9117212	
WHLL	912442	906671	0.003172425	0.003172425	0.006766801	0.468822	
WHLL	910513	902755	0.004278463	0.004278463	0.00681037	0.6282276	
WHLL	912755	899433	0.007351334	0.007351334	0.006764779	1.086707	
WHLL	910813	895643	0.008397658	0.008397658	0.006662953	1.260351	
WHLL	939392	886892	0.0287469	0.0287469	0.006495633	4.425573	
WHLL	929110	866275	0.03499806	0.03499806	0.006400585	5.467948	
WHLL	932299	878880	0.02949405	0.02949405	0.00639802	4.609871	
WHLL	901646	893084	0.004770634	0.004770634	0.006748069	0.7069628	
WHLL	866083	866947	-0.0004985488	-0.0004985488	0.00661874	-0.07532382	
WHLL	914799	898729	0.008861181	0.008861181	0.006738036	1.315098	
WHLL	910638	899291	0.006269307	0.006269307	0.006711669	0.9340905	
WHLL	913703	900119	0.007489158	0.007489158	0.006826339	1.097097	
WHLL	910757	894870	0.008798606	0.008798606	0.006726659	1.30802	
WHLL	938900	885543	0.02924564	0.02924564	0.006519305	4.486005	
WHLL	928264	864634	0.03549003	0.03549003	0.006420977	5.5272	
WHLL	930033	875809	0.03002699	0.03002699	0.006437754	4.664202	
WHLL	901994	892432	0.005328724	0.005328724	0.006777702	0.7862139	
WHLL	865006	865139	-7.687217e-05	-7.687217e-05	0.006639516	-0.01157798	
WHLL	914962	898217	0.009235161	0.009235161	0.006798167	1.358478	
WHLL	907523	895175	0.006849733	0.006849733	0.006757921	1.013586	
WHLL	919172	899974	0.0105533	0.0105533	0.006971206	1.513842	
WHLL	915442	894474	0.01158507	0.01158507	0.006869488	1.686453	
WHLL	943982	885603	0.03190833	0.03190833	0.006652571	4.796391	
WHLL	933242	864427	0.03828013	0.03828013	0.006574441	5.822568	
WHLL	934504	875636	0.03252124	0.03252124	0.006589281	4.935477	
WHLL	906969	892400	0.008096727	0.008096727	0.006928196	1.168663	
WHLL	869420	864313	0.002945667	0.002945667	0.006780151	0.4344545	
WHLL	918477	896638	0.01203174	0.01203174	0.006959621	1.728793	
WHLL	913878	896762	0.009453011	0.009453011	0.006920873	1.36587	
WHLL	901609	917153	-0.008546473	-0.008546473	0.006746207	-1.266856	
WHLL	899143	920142	-0.01154245	-0.01154245	0.00666582	-1.731587	
WHLL	930852	901439	0.01605258	0.01605258	0.006474866	2.479214	
WHLL	923776	876817	0.02607974	0.02607974	0.006377617	4.089261	
WHLL	927046	890501	0.02010677	0.02010677	0.006407131	3.138186	
WHLL	895800	905169	-0.005202199	-0.005202199	0.006682061	-0.7785322	
WHLL	859231	880767	-0.01237703	-0.01237703	0.006588251	-1.878651	
WHLL	906333	915843	-0.005219035	-0.005219035	0.006721672	-0.7764489	
WHLL	902403	913363	-0.00603602	-0.00603602	0.006707124	-0.8999416	
WHLL	898928	918607	-0.0108273	-0.0108273	0.006754761	-1.602914	
WHLL	896564	921583	-0.01376071	-0.01376071	0.006666362	-2.064201	
WHLL	927481	902050	0.01390028	0.01390028	0.006488377	2.142336	
WHLL	918925	876083	0.0238673	0.0238673	0.006384282	3.738448	
WHLL	922501	889943	0.01796359	0.01796359	0.00640899	2.802874	
WHLL	892708	906117	-0.00745431	-0.00745431	0.006649093	-1.121102	
WHLL	855635	881394	-0.01482934	-0.01482934	0.006551859	-2.263379	
WHLL	903570	917058	-0.007408433	-0.007408433	0.006752246	-1.09718	
WHLL	896646	911627	-0.0082847	-0.0082847	0.006677073	-1.240768	
WHLL	904199	916898	-0.006973269	-0.006973269	0.00683595	-1.020088	
WHLL	901293	919568	-0.01003646	-0.01003646	0.006751196	-1.48662	
WHLL	932957	900654	0.01761715	0.01761715	0.006575347	2.679273	
WHLL	924347	874685	0.02760485	0.02760485	0.006480397	4.259746	
WHLL	927136	888099	0.0215052	0.0215052	0.006530417	3.293083	
WHLL	897494	904305	-0.003780111	-0.003780111	0.006721208	-0.5624154	
WHLL	859645	878449	-0.01081875	-0.01081875	0.00664028	-1.629261	
WHLL	907354	914032	-0.003666439	-0.003666439	0.006860205	-0.5344503	
WHLL	902755	911266	-0.004691787	-0.004691787	0.006812061	-0.6887471	
WHLL	915400	905433	0.005473868	0.005473868	0.006704586	0.8164365	
WHLL	912008	904830	0.00395082	0.00395082	0.006635346	0.5954203	
WHLL	937333	892119	0.0247145	0.0247145	0.006457401	3.827315	
WHLL	928087	875082	0.02939547	0.02939547	0.006420839	4.578136	
WHLL	931794	887503	0.02434512	0.02434512	0.006422953	3.790331	
WHLL	902941	903438	-0.0002751361	-0.0002751361	0.006651287	-0.04136584	
WHLL	865798	876947	-0.006397379	-0.006397379	0.006507594	-0.9830636	
WHLL	914205	907137	0.003880655	0.003880655	0.006587261	0.5891151	
WHLL	910516	903999	0.003591593	0.003591593	0.006632388	0.5415234	
WHLL	912862	906254	0.003632534	0.003632534	0.006730934	0.5396775	
WHLL	909200	905248	0.002178073	0.002178073	0.00669595	0.3252821	
WHLL	934519	892289	0.02311682	0.02311682	0.006482377	3.566103	
WHLL	924527	874293	0.02792608	0.02792608	0.006464456	4.319943	
WHLL	927589	886086	0.02288337	0.02288337	0.006469843	3.536929	
WHLL	901236	904621	-0.001874456	-0.001874456	0.006679765	-0.2806171	
WHLL	862086	876310	-0.008182255	-0.008182255	0.006454011	-1.267778	
WHLL	911783	907782	0.002198877	0.002198877	0.006667056	0.3298123	
WHLL	904864	901392	0.001922208	0.001922208	0.006677657	0.2878567	
WHLL	915430	905728	0.00532738	0.00532738	0.006817394	0.7814393	
WHLL	912723	905726	0.003847785	0.003847785	0.006785492	0.5670605	
WHLL	937105	892013	0.02465232	0.02465232	0.00654612	3.765943	
WHLL	927133	874385	0.02927975	0.02927975	0.006541735	4.475839	
WHLL	929962	886138	0.02413083	0.02413083	0.006553517	3.682119	
WHLL	903152	904142	-0.0005477803	-0.0005477803	0.006738257	-0.08129406	
WHLL	864105	875633	-0.006626285	-0.006626285	0.006559588	-1.010168	
WHLL	913487	906871	0.00363445	0.00363445	0.006757802	0.5378154	
WHLL	908254	902428	0.003217572	0.003217572	0.006748035	0.4768162	
WHLL	914067	901369	0.006994463	0.006994463	0.006515136	1.073571	
WHLL	910130	903617	0.003590909	0.003590909	0.006436572	0.5578915	
WHLL	939776	887384	0.02867401	0.02867401	0.006268251	4.574483	
WHLL	929222	870902	0.03239777	0.03239777	0.006264539	5.171612	
WHLL	932984	881150	0.02857231	0.02857231	0.006251563	4.570427	
WHLL	903085	899120	0.002200083	0.002200083	0.006417963	0.3428008	
WHLL	866907	871186	-0.002461894	-0.002461894	0.006341789	-0.3882017	
WHLL	914505	903487	0.006060533	0.006060533	0.006445927	0.9402112	
WHLL	911840	897242	0.008069286	0.008069286	0.006425554	1.255812	
WHLL	910674	902423	0.004550777	0.004550777	0.00651183	0.6988476	
WHLL	906257	904253	0.00110687	0.00110687	0.006453254	0.1715213	
WHLL	935909	887895	0.02632629	0.02632629	0.006266783	4.200927	
WHLL	925086	870769	0.03024576	0.03024576	0.006266569	4.826526	
WHLL	927649	880149	0.02627506	0.02627506	0.006257783	4.198781	
WHLL	899878	899941	-3.500352e-05	-3.500352e-05	0.006430997	-0.005442939	
WHLL	862615	871184	-0.004942326	-0.004942326	0.006266816	-0.7886503	
WHLL	911776	904994	0.003732999	0.003732999	0.006467978	0.5771508	
WHLL	905893	895875	0.005560094	0.005560094	0.006448526	0.8622272	
WHLL	915625	901112	0.007988498	0.007988498	0.006609802	1.208584	
WHLL	911179	902924	0.004550458	0.004550458	0.006559119	0.6937605	
WHLL	940475	886312	0.02964932	0.02964932	0.006340605	4.676104	
WHLL	929990	869862	0.03340719	0.03340719	0.006364955	5.248614	
WHLL	932054	878829	0.02939174	0.02939174	0.006356995	4.623527	
WHLL	904127	898393	0.003181102	0.003181102	0.006496298	0.4896792	
WHLL	866368	868648	-0.001314109	-0.001314109	0.006395051	-0.2054884	
WHLL	915047	902257	0.007037898	0.007037898	0.006575605	1.070304	
WHLL	911311	895265	0.008881996	0.008881996	0.006553312	1.355345	
WHLL	897658	934447	-0.02008018	-0.02008018	0.006853851	-2.929766	
WHLL	898418	932441	-0.01858308	-0.01858308	0.006730464	-2.76104	
WHLL	928316	913299	0.008154256	0.008154256	0.006613511	1.232969	
WHLL	921503	890921	0.01687354	0.01687354	0.006590451	2.560301	
WHLL	921510	905683	0.00866192	0.00866192	0.006525535	1.327389	
WHLL	889732	916235	-0.01467524	-0.01467524	0.006696911	-2.191345	
WHLL	859550	886404	-0.0153807	-0.0153807	0.00663195	-2.319182	
WHLL	902737	922848	-0.01101619	-0.01101619	0.006671842	-1.651147	
WHLL	900871	919530	-0.01024994	-0.01024994	0.00670638	-1.528386	
WHLL	897369	934169	-0.0200924	-0.0200924	0.006906396	-2.909246	
WHLL	897970	932047	-0.01862114	-0.01862114	0.006829197	-2.726695	
WHLL	927099	911857	0.008288398	0.008288398	0.006650171	1.246344	
WHLL	919798	888966	0.01704589	0.01704589	0.00665059	2.563065	
WHLL	918602	902515	0.008833589	0.008833589	0.006586752	1.341115	
WHLL	890456	916664	-0.01450263	-0.01450263	0.006753008	-2.147581	
WHLL	858724	885437	-0.01531567	-0.01531567	0.006680882	-2.292463	
WHLL	902258	922438	-0.01105938	-0.01105938	0.006780071	-1.631159	
WHLL	896172	914903	-0.01034248	-0.01034248	0.00673955	-1.534595	
WHLL	898006	933970	-0.01963126	-0.01963126	0.006918089	-2.837671	
WHLL	898704	931583	-0.01796385	-0.01796385	0.006831779	-2.629454	
WHLL	929147	913227	0.008641025	0.008641025	0.006709444	1.28789	
WHLL	921025	889468	0.01743006	0.01743006	0.006686713	2.606671	
WHLL	919890	903692	0.008882518	0.008882518	0.006660765	1.333558	
WHLL	890658	916322	-0.0142027	-0.0142027	0.006771473	-2.097432	
WHLL	858935	884909	-0.01489468	-0.01489468	0.006703836	-2.221815	
WHLL	902336	921759	-0.01064802	-0.01064802	0.006794268	-1.567206	
WHLL	898951	917155	-0.01002364	-0.01002364	0.006813072	-1.471237	
WHLL	910946	905834	0.002813769	0.002813769	0.006591847	0.426856	
WHLL	906005	908099	-0.001154289	-0.001154289	0.006482251	-0.1780691	
WHLL	936076	891159	0.02458195	0.02458195	0.006441182	3.816373	
WHLL	928284	871376	0.03162153	0.03162153	0.006297044	5.021646	
WHLL	931836	880258	0.0284632	0.0284632	0.006245511	4.557386	
WHLL	900263	897312	0.001641656	0.001641656	0.006443718	0.2547685	
WHLL	862693	873366	-0.006147833	-0.006147833	0.006383338	-0.9631062	
WHLL	910855	903140	0.004253044	0.004253044	0.006428709	0.6615704	
WHLL	910383	900075	0.005693587	0.005693587	0.006538611	0.870764	
WHLL	907955	907023	0.0005135048	0.0005135048	0.006606801	0.07772368	
WHLL	902802	908986	-0.003413203	-0.003413203	0.006536392	-0.5221846	
WHLL	932719	891563	0.02256011	0.02256011	0.006418527	3.514842	
WHLL	924367	871196	0.02961244	0.02961244	0.006318589	4.686559	
WHLL	926291	878624	0.02640955	0.02640955	0.006253914	4.222884	
WHLL	898232	899069	-0.0004656983	-0.0004656983	0.006455182	-0.07214332	
WHLL	858821	873291	-0.008353963	-0.008353963	0.006340694	-1.317516	
WHLL	908244	904304	0.002173736	0.002173736	0.006485145	0.3351869	
WHLL	903973	897377	0.003661698	0.003661698	0.00653486	0.5603331	
WHLL	914692	904518	0.005592537	0.005592537	0.00666957	0.8385154	
WHLL	909628	906521	0.001710763	0.001710763	0.006582428	0.2598984	
WHLL	939381	889258	0.02741	0.02741	0.00648032	4.22973	
WHLL	930837	868720	0.03451794	0.03451794	0.00637032	5.418557	
WHLL	932845	876599	0.03108469	0.03108469	0.006310606	4.925785	
WHLL	904154	896224	0.004404631	0.004404631	0.006508411	0.6767597	
WHLL	865032	870256	-0.003010451	-0.003010451	0.006415726	-0.46923	
WHLL	913754	900863	0.007103978	0.007103978	0.006551912	1.08426	
WHLL	911828	896418	0.008522071	0.008522071	0.006612973	1.28869	
WHLL	912059	905682	0.003508201	0.003508201	0.00669592	0.5239311	
WHLL	909167	907325	0.001014042	0.001014042	0.006656837	0.152331	
WHLL	937538	894748	0.02335334	0.02335334	0.006442941	3.62464	
WHLL	930108	875199	0.03041533	0.03041533	0.006436845	4.725191	
WHLL	930808	889121	0.02290584	0.02290584	0.006436092	3.558967	
WHLL	900216	898799	0.0007876532	0.0007876532	0.006637385	0.1186692	
WHLL	865776	877662	-0.006817564	-0.006817564	0.006544081	-1.041791	
WHLL	914139	902163	0.006593617	0.006593617	0.006615466	0.9966972	
WHLL	909938	904181	0.003173441	0.003173441	0.006621414	0.4792694	
WHLL	913068	905700	0.004051094	0.004051094	0.006769603	0.5984241	
WHLL	908897	906194	0.001489182	0.001489182	0.006722464	0.2215232	
WHLL	937478	893463	0.02403955	0.02403955	0.006446599	3.729028	
WHLL	929598	873498	0.03111315	0.03111315	0.006508688	4.780249	
WHLL	929578	886635	0.02364425	0.02364425	0.006477196	3.650384	
WHLL	901362	898236	0.001737055	0.001737055	0.006698798	0.2593084	
WHLL	865972	876437	-0.006006053	-0.006006053	0.00658787	-0.9116835	
WHLL	915354	902130	0.007275993	0.007275993	0.006706984	1.084838	
WHLL	906169	899314	0.003796768	0.003796768	0.006680199	0.5683615	
WHLL	915165	905479	0.005320096	0.005320096	0.006809928	0.7812264	
WHLL	912297	906880	0.00297772	0.00297772	0.006771563	0.439739	
WHLL	939971	893579	0.02530174	0.02530174	0.006520975	3.880054	
WHLL	931962	873519	0.03236977	0.03236977	0.006555076	4.938123	
WHLL	931431	886563	0.02467995	0.02467995	0.006543005	3.77196	
WHLL	903384	898522	0.002698254	0.002698254	0.00676254	0.3990001	
WHLL	866915	875295	-0.004809983	-0.004809983	0.006652668	-0.7230156	
WHLL	915174	899747	0.008500094	0.008500094	0.006741552	1.260851	
WHLL	909924	901226	0.004802474	0.004802474	0.006759797	0.7104464	
WHLL	909040	910966	-0.001058238	-0.001058238	0.006836513	-0.1547921	
WHLL	908769	908208	0.0003087546	0.0003087546	0.006729335	0.04588189	
WHLL	939508	894513	0.02453352	0.02453352	0.006614809	3.708879	
WHLL	929418	873299	0.03113023	0.03113023	0.006582578	4.729186	
WHLL	933607	885672	0.02634835	0.02634835	0.006550186	4.022535	
WHLL	902904	895416	0.004163886	0.004163886	0.006746829	0.617162	
WHLL	865315	876716	-0.00654466	-0.00654466	0.006614122	-0.9894978	
WHLL	913860	903617	0.005635835	0.005635835	0.006746758	0.8353397	
WHLL	913112	902684	0.005742936	0.005742936	0.006794182	0.8452725	
WHLL	902547	913275	-0.005908068	-0.005908068	0.006779231	-0.8714953	
WHLL	902267	910283	-0.004422499	-0.004422499	0.006657408	-0.6642974	
WHLL	933003	896515	0.01994405	0.01994405	0.006535472	3.051662	
WHLL	921328	873692	0.02653787	0.02653787	0.006491301	4.08822	
WHLL	925686	886291	0.02174145	0.02174145	0.006452247	3.369593	
WHLL	897392	898049	-0.0003659268	-0.0003659268	0.006662516	-0.05492321	
WHLL	858592	878566	-0.01149809	-0.01149809	0.006487308	-1.772398	
WHLL	908169	906261	0.00105157	0.00105157	0.006695767	0.15705	
WHLL	903451	901685	0.0009783196	0.0009783196	0.006695267	0.1461211	
WHLL	910479	909527	0.0005230752	0.0005230752	0.006905838	0.07574392	
WHLL	910416	907083	0.001833839	0.001833839	0.00682227	0.2688018	
WHLL	941817	893873	0.0261177	0.0261177	0.006703185	3.896312	
WHLL	929675	871040	0.03256207	0.03256207	0.006655936	4.892184	
WHLL	933506	883130	0.02773038	0.02773038	0.006631135	4.181845	
WHLL	905550	895240	0.005725265	0.005725265	0.006826149	0.8387255	
WHLL	865313	874027	-0.005009946	-0.005009946	0.006663602	-0.7518376	
WHLL	915497	902419	0.007193952	0.007193952	0.006882648	1.04523	
WHLL	913207	900184	0.007181573	0.007181573	0.006890887	1.042184	
