BROC	843747	826074	0.01058377	0.01058377	0.00543522	1.947257	
BROC	850498	826128	0.01453514	0.01453514	0.005513842	2.636119	
BROC	845483	820088	0.01524702	0.01524702	0.005461624	2.791665	
BROC	845079	825790	0.01154429	0.01154429	0.005124212	2.252891	
BROC	844281	825879	0.01101811	0.01101811	0.005071404	2.172595	
BROC	837402	819510	0.0107984	0.0107984	0.005367804	2.011698	
BROC	837623	830996	0.003971548	0.003971548	0.005494291	0.7228499	
BROC	843682	826225	0.01045388	0.01045388	0.005437325	1.922614	
BROC	845859	819941	0.01555889	0.01555889	0.005362293	2.901537	
BROC	848989	830956	0.01073428	0.01073428	0.005481096	1.958418	
BROC	856489	832244	0.01435692	0.01435692	0.005499688	2.610497	
BROC	851674	825632	0.01552609	0.01552609	0.005445718	2.851063	
BROC	851807	832260	0.01160702	0.01160702	0.005153748	2.252151	
BROC	849123	830317	0.01119778	0.01119778	0.005040424	2.221595	
BROC	846909	828326	0.01109277	0.01109277	0.005500729	2.0166	
BROC	841460	834727	0.004016855	0.004016855	0.005471019	0.734206	
BROC	847747	830106	0.01051403	0.01051403	0.00543382	1.934925	
BROC	854569	828020	0.01577866	0.01577866	0.005479439	2.879612	
BROC	816969	873875	-0.03365538	-0.03365538	0.005217755	-6.450165	
BROC	820114	870490	-0.02979763	-0.02979763	0.005198427	-5.732048	
BROC	818811	867861	-0.02908094	-0.02908094	0.005201927	-5.590416	
BROC	814544	869856	-0.03283781	-0.03283781	0.004814815	-6.82016	
BROC	815261	871289	-0.03322048	-0.03322048	0.004700063	-7.068092	
BROC	814542	870709	-0.03332857	-0.03332857	0.005146519	-6.475944	
BROC	810060	878490	-0.04052589	-0.04052589	0.005234863	-7.741539	
BROC	812482	869686	-0.03400612	-0.03400612	0.005077447	-6.697483	
BROC	820032	868281	-0.02857823	-0.02857823	0.005199082	-5.496784	
BROC	800883	864030	-0.03792811	-0.03792811	0.0052798	-7.183626	
BROC	805353	862103	-0.03403388	-0.03403388	0.005280502	-6.445198	
BROC	804544	860570	-0.03364695	-0.03364695	0.0052474	-6.412117	
BROC	798210	860231	-0.03739717	-0.03739717	0.004834331	-7.73575	
BROC	799139	862029	-0.0378589	-0.0378589	0.004742953	-7.982138	
BROC	798762	862179	-0.03818137	-0.03818137	0.005152384	-7.410427	
BROC	794051	868671	-0.04487822	-0.04487822	0.005306169	-8.457743	
BROC	797243	861111	-0.03851289	-0.03851289	0.005141562	-7.490504	
BROC	803510	858999	-0.03337666	-0.03337666	0.005207927	-6.408819	
BROC	820366	867591	-0.02797761	-0.02797761	0.005246572	-5.33255	
BROC	823328	863582	-0.02386257	-0.02386257	0.005162326	-4.622445	
BROC	824711	864066	-0.02330385	-0.02330385	0.005209677	-4.473184	
BROC	818337	863803	-0.02702867	-0.02702867	0.004839616	-5.584878	
BROC	818598	864711	-0.02739426	-0.02739426	0.004710494	-5.815581	
BROC	817041	863410	-0.02759319	-0.02759319	0.005129973	-5.378818	
BROC	814864	873149	-0.03452876	-0.03452876	0.005253139	-6.572978	
BROC	815084	862309	-0.02815381	-0.02815381	0.005098318	-5.522175	
BROC	823792	862341	-0.02286237	-0.02286237	0.005198528	-4.397855	
BROC	847033	818786	0.01695682	0.01695682	0.005611005	3.022066	
BROC	851882	817227	0.02076257	0.02076257	0.00553682	3.74991	
BROC	851349	815071	0.02177002	0.02177002	0.005556971	3.917606	
BROC	845660	816009	0.01784411	0.01784411	0.00524876	3.399681	
BROC	845723	816866	0.01735666	0.01735666	0.00517457	3.354223	
BROC	845747	816875	0.01736534	0.01736534	0.005585277	3.109128	
BROC	840678	823359	0.01040782	0.01040782	0.005600199	1.858474	
BROC	845600	817606	0.01683135	0.01683135	0.005564975	3.024514	
BROC	853026	815990	0.02219032	0.02219032	0.005559644	3.991321	
BROC	848548	816856	0.01902962	0.01902962	0.005483564	3.470301	
BROC	854726	816559	0.02283692	0.02283692	0.005472704	4.172877	
BROC	854466	814766	0.02378339	0.02378339	0.005537555	4.294927	
BROC	847291	813974	0.0200552	0.0200552	0.005126143	3.912337	
BROC	847204	814651	0.01958835	0.01958835	0.005018838	3.902966	
BROC	849996	817642	0.01940109	0.01940109	0.005478722	3.541171	
BROC	841170	821044	0.01210795	0.01210795	0.0054073	2.239186	
BROC	846854	815773	0.01869391	0.01869391	0.005360479	3.487358	
BROC	852987	812577	0.02426205	0.02426205	0.005515451	4.398925	
BROC	847785	830044	0.01057378	0.01057378	0.005541006	1.908279	
BROC	854154	829954	0.01436962	0.01436962	0.005463519	2.630104	
BROC	851545	825825	0.01533353	0.01533353	0.005407774	2.83546	
BROC	847476	827941	0.01165978	0.01165978	0.005117289	2.278508	
BROC	846963	828114	0.01125262	0.01125262	0.005023106	2.240171	
BROC	845341	826978	0.01098056	0.01098056	0.005442944	2.017394	
BROC	841672	835547	0.003651878	0.003651878	0.005475762	0.666917	
BROC	847386	829911	0.01041855	0.01041855	0.005366032	1.941574	
BROC	853869	827190	0.01587035	0.01587035	0.005514511	2.877926	
BROC	855185	830501	0.0146433	0.0146433	0.005551602	2.637671	
BROC	858689	827468	0.01851607	0.01851607	0.005465404	3.387869	
BROC	856741	823784	0.01961113	0.01961113	0.005475097	3.581879	
BROC	852513	826273	0.01563034	0.01563034	0.005085598	3.073452	
BROC	854168	828644	0.01516747	0.01516747	0.00505941	2.997873	
BROC	852590	826772	0.0153737	0.0153737	0.005540588	2.774741	
BROC	849938	836387	0.008035818	0.008035818	0.00553931	1.450689	
BROC	851738	827204	0.01461277	0.01461277	0.005440774	2.68579	
BROC	859733	826018	0.01999999	0.01999999	0.005512471	3.628135	
BROC	864760	838195	0.01559936	0.01559936	0.005460133	2.856955	
BROC	872187	833642	0.02259605	0.02259605	0.005464899	4.134761	
BROC	861571	839347	0.01306589	0.01306589	0.005442153	2.400867	
BROC	860893	847195	0.008019493	0.008019493	0.005223992	1.535127	
BROC	861455	844564	0.009900828	0.009900828	0.005108726	1.938023	
BROC	855512	835781	0.01166622	0.01166622	0.005357719	2.177461	
BROC	859384	841116	0.01074272	0.01074272	0.00537362	1.999159	
BROC	862596	839841	0.01336613	0.01336613	0.00543967	2.457159	
BROC	860674	841771	0.01110344	0.01110344	0.005431632	2.044218	
BROC	870228	842218	0.01635672	0.01635672	0.005507344	2.969983	
BROC	880272	840598	0.02305462	0.02305462	0.005494911	4.19563	
BROC	870858	847203	0.01376843	0.01376843	0.005465567	2.519122	
BROC	867434	852368	0.008760311	0.008760311	0.005198906	1.68503	
BROC	865967	847575	0.01073332	0.01073332	0.005039586	2.129803	
BROC	865066	843431	0.01266318	0.01266318	0.00547543	2.312727	
BROC	864384	845108	0.01127586	0.01127586	0.005387083	2.09313	
BROC	867985	844009	0.01400472	0.01400472	0.005461813	2.564116	
BROC	870084	849524	0.01195621	0.01195621	0.005461537	2.189167	
BROC	838893	884645	-0.0265454	-0.0265454	0.005157725	-5.146726	
BROC	845304	879460	-0.01980329	-0.01980329	0.005186761	-3.818046	
BROC	837679	888054	-0.02919049	-0.02919049	0.005238501	-5.572299	
BROC	830984	889728	-0.03413936	-0.03413936	0.004838593	-7.055637	
BROC	832678	887971	-0.03213497	-0.03213497	0.004673474	-6.876034	
BROC	834164	886061	-0.03016873	-0.03016873	0.005078276	-5.940742	
BROC	833220	888068	-0.03186451	-0.03186451	0.005110099	-6.235596	
BROC	833180	882970	-0.02901262	-0.02901262	0.005049255	-5.74592	
BROC	834812	888162	-0.0309639	-0.0309639	0.005126971	-6.039415	
BROC	819833	877497	-0.03397336	-0.03397336	0.005214314	-6.515403	
BROC	827303	873558	-0.02719505	-0.02719505	0.005293609	-5.137336	
BROC	821850	883918	-0.03638713	-0.03638713	0.005238503	-6.946093	
BROC	811954	882708	-0.0417511	-0.0417511	0.004942636	-8.447131	
BROC	814308	881673	-0.03972037	-0.03972037	0.004754848	-8.353658	
BROC	815748	880352	-0.03808974	-0.03808974	0.005112139	-7.450841	
BROC	814677	881259	-0.03925974	-0.03925974	0.005240827	-7.491134	
BROC	814694	876263	-0.03641074	-0.03641074	0.005142859	-7.079864	
BROC	815968	881606	-0.03866577	-0.03866577	0.005169644	-7.479387	
BROC	839710	881952	-0.02453559	-0.02453559	0.00518438	-4.732599	
BROC	844994	875481	-0.01772011	-0.01772011	0.005225057	-3.391371	
BROC	840809	887708	-0.02713251	-0.02713251	0.005257797	-5.160432	
BROC	831160	886139	-0.03201481	-0.03201481	0.004925912	-6.499265	
BROC	832844	884442	-0.03004625	-0.03004625	0.004747708	-6.328579	
BROC	833269	881426	-0.02808488	-0.02808488	0.005113833	-5.491943	
BROC	835968	886708	-0.02945417	-0.02945417	0.005161767	-5.706219	
BROC	831329	877193	-0.02684425	-0.02684425	0.005067672	-5.297157	
BROC	834071	883690	-0.02888586	-0.02888586	0.005099521	-5.664426	
BROC	866467	830292	0.02132006	0.02132006	0.005622941	3.79162	
BROC	871291	823729	0.02805985	0.02805985	0.005518592	5.084603	
BROC	867312	836475	0.01809909	0.01809909	0.005551532	3.260198	
BROC	858662	836044	0.01334627	0.01334627	0.005318482	2.509413	
BROC	860352	834408	0.01530836	0.01530836	0.005181502	2.954426	
BROC	861181	832166	0.0171347	0.0171347	0.005578505	3.071558	
BROC	860597	832863	0.01637712	0.01637712	0.005520791	2.966445	
BROC	861699	829285	0.01916872	0.01916872	0.005490944	3.49097	
BROC	865762	837822	0.01640072	0.01640072	0.005630507	2.912832	
BROC	855203	835120	0.01188116	0.01188116	0.005340662	2.224661	
BROC	863467	832044	0.01853306	0.01853306	0.005445582	3.40332	
BROC	855702	841026	0.008649589	0.008649589	0.005511463	1.569382	
BROC	848535	841751	0.004013522	0.004013522	0.005179319	0.7749131	
BROC	850132	839861	0.00607754	0.00607754	0.005106946	1.190054	
BROC	852040	838824	0.007816122	0.007816122	0.005434259	1.438305	
BROC	849713	838594	0.006585888	0.006585888	0.005369767	1.226475	
BROC	850882	835017	0.00941041	0.00941041	0.005439721	1.729943	
BROC	851459	839485	0.007081252	0.007081252	0.005518683	1.283142	
BROC	864785	844652	0.01177756	0.01177756	0.00548381	2.147697	
BROC	872687	841493	0.01819762	0.01819762	0.005414227	3.361075	
BROC	863566	848801	0.008622567	0.008622567	0.005422057	1.590276	
BROC	859052	852258	0.003970058	0.003970058	0.005214426	0.7613605	
BROC	859556	849541	0.00585982	0.00585982	0.005044663	1.161588	
BROC	858136	844817	0.00782112	0.00782112	0.00545954	1.43256	
BROC	859033	848422	0.006214512	0.006214512	0.005367474	1.15781	
BROC	862440	846387	0.009394163	0.009394163	0.005474417	1.716012	
BROC	863960	852098	0.006912354	0.006912354	0.005561506	1.242892	
BROC	868670	844496	0.01411072	0.01411072	0.005522418	2.55517	
BROC	873656	838142	0.02074661	0.02074661	0.005479456	3.786253	
BROC	867005	847698	0.01125968	0.01125968	0.005615345	2.005162	
BROC	860117	849320	0.006316115	0.006316115	0.005192117	1.216482	
BROC	862434	848371	0.008220107	0.008220107	0.005142536	1.598454	
BROC	861007	843106	0.01050459	0.01050459	0.005527561	1.900402	
BROC	862218	846921	0.00895012	0.00895012	0.005464643	1.637823	
BROC	862535	842383	0.01181992	0.01181992	0.005496688	2.150372	
BROC	866067	849890	0.009427392	0.009427392	0.005558657	1.695984	
BROC	857849	823827	0.02023101	0.02023101	0.005346409	3.784037	
BROC	858047	836951	0.01244603	0.01244603	0.005432084	2.291208	
BROC	853140	828812	0.01446415	0.01446415	0.005409159	2.67401	
BROC	855649	836249	0.01146641	0.01146641	0.005184853	2.211521	
BROC	853782	834370	0.01149896	0.01149896	0.005082457	2.262481	
BROC	847893	829912	0.01071698	0.01071698	0.005336649	2.008185	
BROC	854347	828763	0.01520043	0.01520043	0.005482546	2.772514	
BROC	856323	831631	0.01462836	0.01462836	0.005372376	2.722885	
BROC	857378	826538	0.01831445	0.01831445	0.005314234	3.446301	
BROC	865495	827315	0.02255421	0.02255421	0.005358209	4.209282	
BROC	865913	840439	0.01492892	0.01492892	0.005357074	2.786768	
BROC	861422	832758	0.0169191	0.0169191	0.005369399	3.151023	
BROC	862352	838602	0.01396275	0.01396275	0.005008398	2.787868	
BROC	859595	835689	0.01410147	0.01410147	0.004922951	2.864435	
BROC	857785	835280	0.01329246	0.01329246	0.005395654	2.463549	
BROC	859755	830328	0.01741157	0.01741157	0.005360828	3.247926	
BROC	861474	833013	0.01679623	0.01679623	0.005237515	3.206909	
BROC	867623	832392	0.02072393	0.02072393	0.005298073	3.911598	
BROC	832528	872481	-0.02343272	-0.02343272	0.005092116	-4.601765	
BROC	829352	881703	-0.03059574	-0.03059574	0.005163497	-5.925392	
BROC	828082	877791	-0.02913992	-0.02913992	0.005187197	-5.617662	
BROC	824556	878660	-0.03176579	-0.03176579	0.004728974	-6.717269	
BROC	825718	879924	-0.03178041	-0.03178041	0.00466849	-6.807427	
BROC	825163	880197	-0.03227119	-0.03227119	0.005058044	-6.380173	
BROC	826982	875307	-0.02838825	-0.02838825	0.005113955	-5.551133	
BROC	825821	875244	-0.02905415	-0.02905415	0.004962232	-5.855057	
BROC	831032	873741	-0.0250526	-0.0250526	0.005037335	-4.973384	
BROC	814696	863714	-0.02920502	-0.02920502	0.005199289	-5.617118	
BROC	813093	874559	-0.03642102	-0.03642102	0.005259843	-6.924355	
BROC	813152	871990	-0.03491575	-0.03491575	0.005196612	-6.718945	
BROC	807445	870962	-0.03784362	-0.03784362	0.004817959	-7.8547	
BROC	808165	871822	-0.03789136	-0.03789136	0.004741531	-7.991378	
BROC	808541	873642	-0.03870031	-0.03870031	0.005119554	-7.559313	
BROC	809885	867380	-0.03427902	-0.03427902	0.005268067	-6.506945	
BROC	809245	868080	-0.03507668	-0.03507668	0.005066512	-6.923241	
BROC	814696	866996	-0.03109963	-0.03109963	0.005106281	-6.090466	
BROC	833204	868379	-0.02067193	-0.02067193	0.005129464	-4.030037	
BROC	829683	877150	-0.02780998	-0.02780998	0.00516573	-5.383553	
BROC	831087	876002	-0.02631087	-0.02631087	0.00517144	-5.087726	
BROC	824974	874595	-0.02919623	-0.02919623	0.004780513	-6.107342	
BROC	825784	875199	-0.02905085	-0.02905085	0.004698368	-6.183179	
BROC	824151	874752	-0.02978451	-0.02978451	0.005056548	-5.890286	
BROC	829184	872784	-0.0256174	-0.0256174	0.005200424	-4.926022	
BROC	824804	869196	-0.02620543	-0.02620543	0.004949759	-5.294284	
BROC	830992	868780	-0.02223122	-0.02223122	0.004994012	-4.451575	
BROC	862616	812721	0.02978207	0.02978207	0.005453771	5.460821	
BROC	860851	823586	0.02212312	0.02212312	0.005423877	4.078839	
BROC	861638	821620	0.02377413	0.02377413	0.005464274	4.350831	
BROC	857390	822227	0.02093513	0.02093513	0.005150913	4.064353	
BROC	856236	821084	0.02095724	0.02095724	0.005056343	4.144743	
BROC	856217	822350	0.02017614	0.02017614	0.005610922	3.595869	
BROC	857841	816565	0.02465113	0.02465113	0.005525927	4.460994	
BROC	858640	818250	0.02408625	0.02408625	0.005315093	4.531671	
BROC	866219	819707	0.0275884	0.0275884	0.005460107	5.052721	
BROC	852661	820136	0.01944348	0.01944348	0.005352804	3.632392	
BROC	850367	830596	0.01176171	0.01176171	0.005394405	2.180354	
BROC	850734	828230	0.0134035	0.0134035	0.005443816	2.462152	
BROC	845674	827818	0.0106699	0.0106699	0.005103999	2.090499	
BROC	846067	828342	0.01058582	0.01058582	0.005040566	2.100126	
BROC	847231	830505	0.009969387	0.009969387	0.005438809	1.833009	
BROC	847074	823193	0.01429771	0.01429771	0.00541843	2.638719	
BROC	848021	825226	0.01362321	0.01362321	0.005308553	2.566276	
BROC	852401	822934	0.01758872	0.01758872	0.005346848	3.28955	
BROC	860195	827583	0.01932245	0.01932245	0.005324571	3.628921	
BROC	860206	840282	0.01171664	0.01171664	0.005322259	2.201441	
BROC	858030	835428	0.01334666	0.01334666	0.00534716	2.496027	
BROC	854720	836416	0.01082349	0.01082349	0.005012749	2.159193	
BROC	853931	835869	0.01068884	0.01068884	0.004897722	2.182411	
BROC	851862	834916	0.01004637	0.01004637	0.005361157	1.873919	
BROC	855973	832067	0.01416199	0.01416199	0.005367045	2.638693	
BROC	856635	833774	0.01352395	0.01352395	0.005195392	2.603066	
BROC	862278	832796	0.01739275	0.01739275	0.005317743	3.270702	
BROC	862850	832247	0.01805383	0.01805383	0.005418263	3.332034	
BROC	860104	841801	0.01075442	0.01075442	0.005474762	1.964363	
BROC	858138	836929	0.01251219	0.01251219	0.005432832	2.303069	
BROC	854720	838499	0.009579978	0.009579978	0.00509461	1.880414	
BROC	856550	840415	0.009508151	0.009508151	0.005099094	1.864675	
BROC	855146	839669	0.00913197	0.00913197	0.00553089	1.651085	
BROC	857958	835612	0.01319461	0.01319461	0.005480019	2.407768	
BROC	856256	834801	0.01268733	0.01268733	0.005279804	2.402993	
BROC	862608	834724	0.01642814	0.01642814	0.005405394	3.039212	
BROC	866355	823861	0.02514117	0.02514117	0.005304804	4.73932	
BROC	868656	830377	0.02252987	0.02252987	0.00545696	4.128649	
BROC	866293	824559	0.02468223	0.02468223	0.005447047	4.531305	
BROC	863074	833938	0.017169	0.017169	0.00517043	3.320614	
BROC	862150	833200	0.01707612	0.01707612	0.005108827	3.342474	
BROC	854714	828212	0.01574757	0.01574757	0.005324943	2.957322	
BROC	858009	831968	0.01540909	0.01540909	0.005383279	2.862398	
BROC	859383	832327	0.01599328	0.01599328	0.005410516	2.955963	
BROC	866038	825238	0.0241238	0.0241238	0.005362926	4.498253	
BROC	874211	829251	0.02639331	0.02639331	0.005297947	4.981799	
BROC	878410	837879	0.02361549	0.02361549	0.005403369	4.370511	
BROC	874994	830298	0.02621017	0.02621017	0.005379764	4.871994	
BROC	870381	838948	0.01838909	0.01838909	0.005053682	3.63875	
BROC	868492	837137	0.01838325	0.01838325	0.00498713	3.686137	
BROC	865809	836373	0.0172931	0.0172931	0.005373112	3.218451	
BROC	864841	836874	0.0164346	0.0164346	0.005319245	3.089648	
BROC	867416	837953	0.01727661	0.01727661	0.005296336	3.261993	
BROC	876707	833292	0.0253889	0.0253889	0.005375167	4.723371	
BROC	836614	874641	-0.0222217	-0.0222217	0.005066543	-4.385969	
BROC	838602	881179	-0.02475722	-0.02475722	0.005196699	-4.764028	
BROC	836372	875403	-0.02280148	-0.02280148	0.005210118	-4.376384	
BROC	828317	880073	-0.03029519	-0.03029519	0.004747329	-6.381524	
BROC	829727	881432	-0.03021636	-0.03021636	0.004684599	-6.450149	
BROC	829892	883485	-0.03127916	-0.03127916	0.00508214	-6.154723	
BROC	826879	882294	-0.03242211	-0.03242211	0.005099234	-6.358232	
BROC	827966	881730	-0.03144653	-0.03144653	0.005058654	-6.216382	
BROC	837883	877690	-0.02320333	-0.02320333	0.005149324	-4.506092	
BROC	821297	865690	-0.02631496	-0.02631496	0.005182174	-5.077977	
BROC	823218	872223	-0.02890398	-0.02890398	0.005333199	-5.419634	
BROC	822434	868098	-0.02701162	-0.02701162	0.005289006	-5.107125	
BROC	812458	870668	-0.03458446	-0.03458446	0.004902607	-7.054299	
BROC	814170	872292	-0.03446387	-0.03446387	0.004809011	-7.166518	
BROC	814499	875315	-0.03598976	-0.03598976	0.005183845	-6.942677	
BROC	812131	873052	-0.03615097	-0.03615097	0.005246233	-6.890843	
BROC	812064	872175	-0.0356903	-0.0356903	0.005132419	-6.953895	
BROC	821827	868597	-0.02766761	-0.02766761	0.005210175	-5.310304	
BROC	836872	871554	-0.02030056	-0.02030056	0.005101953	-3.978977	
BROC	837276	876191	-0.02271126	-0.02271126	0.005167322	-4.395171	
BROC	839225	874570	-0.02062382	-0.02062382	0.005184805	-3.977743	
BROC	828176	876350	-0.0282624	-0.0282624	0.004806989	-5.87944	
BROC	829120	877193	-0.02817361	-0.02817361	0.004699659	-5.994821	
BROC	829169	879344	-0.02936764	-0.02936764	0.005123926	-5.731473	
BROC	829719	881005	-0.02997912	-0.02997912	0.005150987	-5.820073	
BROC	826243	876229	-0.02936084	-0.02936084	0.005047764	-5.816602	
BROC	836550	872894	-0.02126071	-0.02126071	0.005097126	-4.171118	
BROC	868833	816711	0.03092295	0.03092295	0.005498925	5.623455	
BROC	868451	821008	0.02808177	0.02808177	0.005574839	5.037234	
BROC	870948	819843	0.0302255	0.0302255	0.005561066	5.435199	
BROC	861181	822802	0.02279061	0.02279061	0.005198373	4.384181	
BROC	862157	823878	0.02270356	0.02270356	0.005207623	4.359679	
BROC	860721	824790	0.02131757	0.02131757	0.005601137	3.805937	
BROC	860360	824678	0.02117578	0.02117578	0.005529841	3.829366	
BROC	860737	823925	0.02185127	0.02185127	0.00547119	3.993878	
BROC	871912	821749	0.02961809	0.02961809	0.005599633	5.289291	
BROC	857793	820476	0.02223541	0.02223541	0.005302065	4.193726	
BROC	860699	828043	0.01933747	0.01933747	0.005457749	3.543122	
BROC	860217	824028	0.02148678	0.02148678	0.00552007	3.892483	
BROC	852038	828284	0.01413658	0.01413658	0.005191247	2.723156	
BROC	852837	829100	0.01411289	0.01411289	0.005180248	2.724367	
BROC	852594	831774	0.01236072	0.01236072	0.00548676	2.252827	
BROC	848876	828451	0.01217711	0.01217711	0.005365317	2.269598	
BROC	851037	829266	0.01295659	0.01295659	0.005445107	2.379492	
BROC	859178	823580	0.02115456	0.02115456	0.005537014	3.820571	
BROC	861950	832072	0.01763732	0.01763732	0.005341436	3.30198	
BROC	865260	840345	0.01460772	0.01460772	0.005393703	2.708292	
BROC	862369	834208	0.01659872	0.01659872	0.005394767	3.076818	
BROC	857318	840935	0.009646973	0.009646973	0.005121324	1.883687	
BROC	858019	841855	0.00950894	0.00950894	0.005038244	1.887352	
BROC	854349	840717	0.008042165	0.008042165	0.005506334	1.46053	
BROC	854982	842336	0.007450578	0.007450578	0.005382138	1.384316	
BROC	858362	843712	0.008607146	0.008607146	0.005406386	1.592033	
BROC	866310	838490	0.01631863	0.01631863	0.005542819	2.944103	
BROC	865776	834806	0.01821141	0.01821141	0.005438494	3.348613	
BROC	864874	838688	0.01537132	0.01537132	0.005502866	2.79333	
BROC	863722	833759	0.01765145	0.01765145	0.005466565	3.228984	
BROC	856801	839318	0.01030765	0.01030765	0.005160853	1.997276	
BROC	859340	842152	0.01010172	0.01010172	0.005172765	1.952867	
BROC	855795	840666	0.008917977	0.008917977	0.005517976	1.616168	
BROC	857066	842743	0.008426241	0.008426241	0.005488426	1.535274	
BROC	856805	841000	0.009309078	0.009309078	0.005434551	1.712943	
BROC	866367	836807	0.01735583	0.01735583	0.005509055	3.150419	
BROC	868191	831691	0.02147208	0.02147208	0.005366434	4.001182	
BROC	874203	832619	0.02436341	0.02436341	0.005468487	4.455237	
BROC	864065	835029	0.01708911	0.01708911	0.005486843	3.114561	
BROC	867239	836440	0.01807794	0.01807794	0.00513781	3.518608	
BROC	869455	832789	0.0215398	0.0215398	0.005086696	4.234537	
BROC	858559	830995	0.01631436	0.01631436	0.005188914	3.144081	
BROC	863777	835618	0.01657001	0.01657001	0.005429587	3.0518	
BROC	862764	840372	0.01314751	0.01314751	0.005467456	2.404685	
BROC	867646	829358	0.02256212	0.02256212	0.005322201	4.239245	
BROC	869897	841603	0.0165317	0.0165317	0.005381575	3.071907	
BROC	876851	843699	0.01926826	0.01926826	0.005488691	3.510538	
BROC	867170	846221	0.01222663	0.01222663	0.00551599	2.21658	
BROC	868746	846207	0.01314263	0.01314263	0.00513267	2.560584	
BROC	869329	840847	0.01665443	0.01665443	0.005071867	3.283687	
BROC	862751	843153	0.01148834	0.01148834	0.005346124	2.14891	
BROC	863347	843838	0.01142758	0.01142758	0.005422027	2.107622	
BROC	862171	847962	0.00830871	0.00830871	0.005372919	1.546405	
BROC	872257	842233	0.01751191	0.01751191	0.005336572	3.281491	
BROC	842774	881547	-0.02248595	-0.02248595	0.005208023	-4.317561	
BROC	846381	880259	-0.01962077	-0.01962077	0.005308732	-3.695942	
BROC	838917	884772	-0.02660283	-0.02660283	0.005275739	-5.042484	
BROC	836655	881331	-0.02600487	-0.02600487	0.004844766	-5.367622	
BROC	840303	879063	-0.02254319	-0.02254319	0.004832787	-4.664636	
BROC	837203	884487	-0.02746371	-0.02746371	0.005061871	-5.425605	
BROC	835467	883259	-0.02780664	-0.02780664	0.005212293	-5.334819	
BROC	832147	885252	-0.03092176	-0.03092176	0.005096858	-6.066827	
BROC	842158	878960	-0.02138261	-0.02138261	0.005129128	-4.168859	
BROC	825597	871210	-0.02688167	-0.02688167	0.005160339	-5.209283	
BROC	830565	871298	-0.02393436	-0.02393436	0.005308392	-4.508778	
BROC	825369	878722	-0.03130877	-0.03130877	0.005199907	-6.021025	
BROC	820419	872111	-0.03054126	-0.03054126	0.004851337	-6.295431	
BROC	824441	870404	-0.02711929	-0.02711929	0.004807149	-5.641451	
BROC	820546	875559	-0.0324349	-0.0324349	0.005014097	-6.468742	
BROC	819862	874235	-0.03209556	-0.03209556	0.005272793	-6.087014	
BROC	816190	876108	-0.03540629	-0.03540629	0.005088452	-6.958166	
BROC	826918	871361	-0.02616943	-0.02616943	0.005074202	-5.15735	
BROC	841354	877635	-0.02110601	-0.02110601	0.00509968	-4.138693	
BROC	845148	876319	-0.01810723	-0.01810723	0.005228402	-3.463244	
BROC	840364	884088	-0.0253553	-0.0253553	0.005154954	-4.918628	
BROC	835375	877337	-0.02450032	-0.02450032	0.004806117	-5.097738	
BROC	839079	875285	-0.0211192	-0.0211192	0.004745614	-4.450257	
BROC	833921	878618	-0.02609984	-0.02609984	0.004993678	-5.226578	
BROC	836932	881932	-0.02618008	-0.02618008	0.005161854	-5.071837	
BROC	829358	879565	-0.02937932	-0.02937932	0.004978236	-5.901552	
BROC	841313	875653	-0.0200004	-0.0200004	0.004997471	-4.002104	
BROC	866314	826337	0.02361798	0.02361798	0.005485769	4.305319	
BROC	871132	826346	0.02638385	0.02638385	0.005539626	4.762749	
BROC	865997	833714	0.01899323	0.01899323	0.005566372	3.412138	
BROC	862382	828895	0.01979983	0.01979983	0.005205214	3.803846	
BROC	865418	825936	0.02334343	0.02334343	0.005153034	4.530036	
BROC	861077	830456	0.01810251	0.01810251	0.005536345	3.269759	
BROC	860592	829402	0.01845569	0.01845569	0.005523318	3.341413	
BROC	859233	833375	0.01527702	0.01527702	0.005469511	2.793123	
BROC	869176	827658	0.02446792	0.02446792	0.00544322	4.495119	
BROC	859660	829071	0.0181136	0.0181136	0.005319728	3.404986	
BROC	866003	830718	0.02079599	0.02079599	0.005521571	3.766318	
BROC	859710	836494	0.01368703	0.01368703	0.005477393	2.498822	
BROC	856770	832148	0.01457856	0.01457856	0.005127052	2.84346	
BROC	860231	829716	0.01805678	0.01805678	0.005106932	3.535739	
BROC	856742	835096	0.01279437	0.01279437	0.005366477	2.384128	
BROC	854772	833167	0.01279963	0.01279963	0.005362928	2.386688	
BROC	852696	836425	0.009632821	0.009632821	0.005370299	1.793721	
BROC	860973	828611	0.01915383	0.01915383	0.005402879	3.545115	
BROC	866781	838589	0.01653131	0.01653131	0.005444704	3.036218	
BROC	873580	840409	0.0193531	0.0193531	0.005493059	3.523192	
BROC	865274	844177	0.01234139	0.01234139	0.005403257	2.284065	
BROC	864819	842435	0.01311111	0.01311111	0.005157078	2.542353	
BROC	866539	838407	0.01650023	0.01650023	0.005084155	3.245422	
BROC	860768	841361	0.0114016	0.0114016	0.005412042	2.10671	
BROC	862332	843147	0.01124904	0.01124904	0.005371978	2.094022	
BROC	861341	847276	0.008231804	0.008231804	0.005373677	1.531875	
BROC	871178	841251	0.01747635	0.01747635	0.005426968	3.220278	
BROC	870082	841714	0.01657207	0.01657207	0.005462488	3.033795	
BROC	873494	840281	0.01938002	0.01938002	0.00556462	3.482722	
BROC	865399	844382	0.01229222	0.01229222	0.005525513	2.224629	
BROC	864902	842301	0.01323861	0.01323861	0.005151815	2.569699	
BROC	869901	841580	0.01654766	0.01654766	0.005180932	3.193953	
BROC	862422	842840	0.01148328	0.01148328	0.005456351	2.104571	
BROC	865775	846411	0.01130952	0.01130952	0.00554993	2.037777	
BROC	860459	846308	0.008291114	0.008291114	0.005427547	1.527599	
BROC	871153	840839	0.01770686	0.01770686	0.00544225	3.253591	
BROC	872628	837812	0.020355	0.020355	0.005651366	3.601783	
BROC	875063	845773	0.0170208	0.0170208	0.005760866	2.954556	
BROC	866966	841472	0.0149224	0.0149224	0.005687629	2.62366	
BROC	867769	850568	0.01001026	0.01001026	0.005533848	1.808915	
BROC	867431	847944	0.0113602	0.0113602	0.005408351	2.100492	
BROC	864528	830984	0.01978399	0.01978399	0.005417292	3.652008	
BROC	866418	840672	0.01508181	0.01508181	0.005707286	2.642553	
BROC	866852	843698	0.013536	0.013536	0.005665805	2.389069	
BROC	870319	840063	0.01768962	0.01768962	0.005739952	3.08184	
BROC	872284	843051	0.01704215	0.01704215	0.005573012	3.057979	
BROC	875916	852382	0.01361686	0.01361686	0.005570171	2.444605	
BROC	868136	848445	0.01147106	0.01147106	0.005576438	2.057058	
BROC	868113	856615	0.006666558	0.006666558	0.005368566	1.241776	
BROC	865448	851528	0.008107277	0.008107277	0.005192698	1.561284	
BROC	867528	839530	0.01640132	0.01640132	0.005447737	3.010666	
BROC	864236	844400	0.01160926	0.01160926	0.005566606	2.085519	
BROC	866410	849308	0.009967839	0.009967839	0.005527539	1.803305	
BROC	872317	847792	0.01425782	0.01425782	0.005636867	2.529387	
BROC	841802	884583	-0.02478068	-0.02478068	0.005236127	-4.732636	
BROC	842854	891089	-0.0278181	-0.0278181	0.005353379	-5.196363	
BROC	837789	890248	-0.03035757	-0.03035757	0.005323988	-5.702035	
BROC	831703	892133	-0.03505554	-0.03505554	0.004929732	-7.111043	
BROC	833561	891227	-0.03343367	-0.03343367	0.004846744	-6.898173	
BROC	838636	882122	-0.02527142	-0.02527142	0.005099149	-4.956008	
BROC	835464	887697	-0.03031232	-0.03031232	0.005288399	-5.731851	
BROC	831994	886432	-0.03167899	-0.03167899	0.005098512	-6.213379	
BROC	838629	885457	-0.02716106	-0.02716106	0.005275782	-5.148253	
BROC	826041	874364	-0.02841852	-0.02841852	0.005312803	-5.349064	
BROC	829563	883274	-0.03135792	-0.03135792	0.005466052	-5.736849	
BROC	825309	883410	-0.03400267	-0.03400267	0.00540823	-6.287208	
BROC	816524	882794	-0.038998	-0.038998	0.005044286	-7.731123	
BROC	818666	882223	-0.03736693	-0.03736693	0.0049616	-7.531226	
BROC	823507	874015	-0.02975396	-0.02975396	0.005176163	-5.748265	
BROC	820216	878107	-0.03408716	-0.03408716	0.005400743	-6.311568	
BROC	817676	878019	-0.035586	-0.035586	0.005192331	-6.853569	
BROC	824258	877680	-0.03138892	-0.03138892	0.005310752	-5.910448	
BROC	843543	879028	-0.02060002	-0.02060002	0.005259172	-3.916971	
BROC	844589	885280	-0.02352259	-0.02352259	0.005370246	-4.38017	
BROC	842333	887739	-0.02624515	-0.02624515	0.005349674	-4.905935	
BROC	833667	886546	-0.0307398	-0.0307398	0.005032879	-6.107795	
BROC	834981	885334	-0.02926964	-0.02926964	0.004944886	-5.919174	
BROC	838775	875147	-0.0212215	-0.0212215	0.005103042	-4.158598	
BROC	838428	883118	-0.02595923	-0.02595923	0.005302959	-4.895234	
BROC	832720	879649	-0.02740589	-0.02740589	0.005114908	-5.358042	
BROC	840120	879790	-0.02306516	-0.02306516	0.005278115	-4.369962	
BROC	875260	823457	0.03049537	0.03049537	0.005675687	5.372983	
BROC	876478	830539	0.02691186	0.02691186	0.005748868	4.681245	
BROC	874423	832442	0.02459538	0.02459538	0.00577926	4.255802	
BROC	868865	835256	0.01972219	0.01972219	0.005539689	3.560162	
BROC	868364	832128	0.02130913	0.02130913	0.005384429	3.957546	
BROC	872752	822526	0.029627	0.029627	0.005636697	5.256092	
BROC	869134	826731	0.02500376	0.02500376	0.005665092	4.413654	
BROC	869745	829655	0.02359068	0.02359068	0.005681614	4.152109	
BROC	878068	830707	0.02771635	0.02771635	0.005877101	4.71599	
BROC	865562	831828	0.01987404	0.01987404	0.00547366	3.63085	
BROC	868189	840353	0.01629225	0.01629225	0.005590534	2.914257	
BROC	864433	840543	0.01401193	0.01401193	0.005648712	2.480553	
BROC	857425	841670	0.009272583	0.009272583	0.005317356	1.743833	
BROC	857573	839189	0.01083475	0.01083475	0.005226072	2.073212	
BROC	866078	833625	0.01909334	0.01909334	0.005484933	3.481052	
BROC	858906	834854	0.01420036	0.01420036	0.005500186	2.581796	
BROC	859159	837192	0.01294956	0.01294956	0.005502141	2.353549	
BROC	863935	834413	0.01738277	0.01738277	0.005643005	3.080411	
BROC	869383	840812	0.01670628	0.01670628	0.005566073	3.001449	
BROC	872189	849841	0.01297771	0.01297771	0.005598051	2.318255	
BROC	866674	848516	0.01058658	0.01058658	0.005582023	1.896549	
BROC	862439	851930	0.006129952	0.006129952	0.00535946	1.143763	
BROC	862671	849465	0.007713172	0.007713172	0.005199079	1.483565	
BROC	867234	840372	0.0157308	0.0157308	0.005528202	2.845554	
BROC	863638	845356	0.01069752	0.01069752	0.005537454	1.931848	
BROC	863655	847106	0.009673473	0.009673473	0.005454875	1.773363	
BROC	871176	847148	0.01398339	0.01398339	0.005695384	2.455215	
BROC	867943	841174	0.01566247	0.01566247	0.005611917	2.790931	
BROC	869294	848394	0.01216752	0.01216752	0.005656836	2.15094	
BROC	865746	848467	0.01007984	0.01007984	0.00575297	1.752112	
BROC	860694	851754	0.005220596	0.005220596	0.005386233	0.9692481	
BROC	862727	851375	0.00662271	0.00662271	0.005326883	1.243262	
BROC	865743	839814	0.01520266	0.01520266	0.00554377	2.742296	
BROC	862958	845512	0.01021148	0.01021148	0.005614966	1.818618	
BROC	861632	846476	0.008872975	0.008872975	0.005618037	1.579373	
BROC	868940	846105	0.01331452	0.01331452	0.005727673	2.324595	
BROC	858949	835135	0.01405715	0.01405715	0.005688571	2.471122	
BROC	865449	831646	0.01991815	0.01991815	0.00570709	3.490072	
BROC	857811	832534	0.01495375	0.01495375	0.00574083	2.604807	
BROC	854557	842736	0.00696462	0.00696462	0.005415561	1.286038	
BROC	853430	840276	0.007766401	0.007766401	0.005245909	1.480468	
BROC	851654	829380	0.01325018	0.01325018	0.005524382	2.398491	
BROC	852345	838381	0.008259174	0.008259174	0.005689891	1.451552	
BROC	856284	838160	0.01069613	0.01069613	0.005695756	1.877913	
BROC	857993	832177	0.0152742	0.0152742	0.005715847	2.672255	
BROC	860489	839987	0.01205662	0.01205662	0.005579787	2.160768	
BROC	868856	838439	0.0178159	0.0178159	0.00552217	3.22625	
BROC	860949	838844	0.01300452	0.01300452	0.005579016	2.330971	
BROC	857885	849540	0.004887477	0.004887477	0.005326882	0.9175118	
BROC	855745	845691	0.005909126	0.005909126	0.005177536	1.141301	
BROC	857483	838232	0.01135273	0.01135273	0.005528332	2.053555	
BROC	852894	842523	0.006117079	0.006117079	0.005549364	1.102303	
BROC	857023	842626	0.008470572	0.008470572	0.005486887	1.543785	
BROC	864134	841452	0.01329866	0.01329866	0.005676172	2.342892	
BROC	837432	877940	-0.0236147	-0.0236147	0.005390029	-4.381183	
BROC	842998	873609	-0.01783227	-0.01783227	0.005381779	-3.313453	
BROC	838075	877159	-0.0227864	-0.0227864	0.005466654	-4.168253	
BROC	830054	882608	-0.03068556	-0.03068556	0.005050244	-6.076056	
BROC	831642	882827	-0.02985472	-0.02985472	0.004946298	-6.035771	
BROC	834523	876069	-0.0242875	-0.0242875	0.005211307	-4.660539	
BROC	830657	881708	-0.02981315	-0.02981315	0.005369248	-5.552575	
BROC	830518	877002	-0.02722311	-0.02722311	0.00514844	-5.287642	
BROC	838497	876651	-0.02224531	-0.02224531	0.005406062	-4.114883	
BROC	815941	870765	-0.03250359	-0.03250359	0.005375011	-6.047167	
BROC	822445	867390	-0.02659727	-0.02659727	0.005406197	-4.919775	
BROC	818495	872040	-0.03167341	-0.03167341	0.005345675	-5.925053	
BROC	808418	875551	-0.03986594	-0.03986594	0.005052992	-7.889571	
BROC	809729	875446	-0.03899714	-0.03899714	0.004933508	-7.904545	
BROC	813770	870783	-0.03384459	-0.03384459	0.005225437	-6.476891	
BROC	810248	875523	-0.03872115	-0.03872115	0.005436796	-7.122054	
BROC	810740	871549	-0.03614658	-0.03614658	0.005197536	-6.954562	
BROC	816722	869894	-0.03152585	-0.03152585	0.005381883	-5.857773	
BROC	839484	871918	-0.01895171	-0.01895171	0.00543438	-3.487374	
BROC	845538	868182	-0.01321336	-0.01321336	0.005459303	-2.420338	
BROC	843365	874439	-0.01808937	-0.01808937	0.005572799	-3.246012	
BROC	832774	877239	-0.02600273	-0.02600273	0.005246192	-4.956495	
BROC	834435	877316	-0.02505096	-0.02505096	0.005102832	-4.909226	
BROC	835691	869469	-0.01980928	-0.01980928	0.005383534	-3.679606	
BROC	835458	878082	-0.02487482	-0.02487482	0.005475243	-4.543144	
BROC	832115	870284	-0.02242071	-0.02242071	0.005239972	-4.278785	
BROC	840732	871041	-0.0177062	-0.0177062	0.005510624	-3.213103	
BROC	860303	825251	0.02079554	0.02079554	0.0056708	3.667126	
BROC	866251	821396	0.02657843	0.02657843	0.005646187	4.707323	
BROC	862807	826623	0.02141787	0.02141787	0.00574358	3.729011	
BROC	853862	831333	0.01336878	0.01336878	0.005401738	2.474903	
BROC	853440	829264	0.01436735	0.01436735	0.005244427	2.739547	
BROC	857418	823956	0.01990158	0.01990158	0.005704425	3.488797	
BROC	853880	828877	0.01485835	0.01485835	0.005606969	2.64998	
BROC	856118	826866	0.01738103	0.01738103	0.005602441	3.102404	
BROC	863396	826487	0.02184116	0.02184116	0.005765716	3.788109	
BROC	852176	829199	0.0136656	0.0136656	0.005513166	2.478721	
BROC	859714	827254	0.01924162	0.01924162	0.005625814	3.420238	
BROC	854055	830268	0.01412259	0.01412259	0.005593526	2.524809	
BROC	844464	834136	0.006152746	0.006152746	0.005143317	1.19626	
BROC	846390	834398	0.007134749	0.007134749	0.005116134	1.394559	
BROC	852748	831913	0.01236747	0.01236747	0.005611746	2.203855	
BROC	845164	832936	0.007286812	0.007286812	0.005490222	1.327235	
BROC	847038	830259	0.0100036	0.0100036	0.005428378	1.842833	
BROC	852771	828265	0.01457792	0.01457792	0.005640025	2.584725	
BROC	855785	842253	0.007969197	0.007969197	0.005617904	1.418536	
BROC	862098	839035	0.01355743	0.01355743	0.005578031	2.430505	
BROC	856193	841936	0.008395711	0.008395711	0.005536186	1.516515	
BROC	849150	848030	0.0006599182	0.0006599182	0.005278056	0.1250305	
BROC	849742	847192	0.00150271	0.00150271	0.005172978	0.2904923	
BROC	853011	841393	0.006856688	0.006856688	0.005662779	1.210834	
BROC	850052	847491	0.001508651	0.001508651	0.005563019	0.2711928	
BROC	852013	844604	0.004366925	0.004366925	0.005402752	0.8082779	
BROC	859716	844353	0.00901548	0.00901548	0.005805269	1.552982	
BROC	863651	836710	0.01584428	0.01584428	0.005622604	2.817962	
BROC	869171	832430	0.02159202	0.02159202	0.005602271	3.854154	
BROC	864177	835946	0.01660527	0.01660527	0.005669043	2.929113	
BROC	856442	841900	0.008562469	0.008562469	0.005312933	1.611628	
BROC	859396	843373	0.009409967	0.009409967	0.005287094	1.7798	
BROC	861157	835375	0.01519688	0.01519688	0.005639895	2.694533	
BROC	857566	841065	0.009714293	0.009714293	0.005606707	1.73262	
BROC	857769	836945	0.01228762	0.01228762	0.00554939	2.214229	
BROC	866318	837309	0.01702779	0.01702779	0.005728445	2.972498	
