BROC	843747	825898	0.0106903	0.0106903	0.005552971	1.925149	
BROC	850498	820270	0.01809228	0.01809228	0.005582416	3.240941	
BROC	845483	832974	0.007452678	0.007452678	0.00560651	1.32929	
BROC	845079	824338	0.0124241	0.0124241	0.005444233	2.282066	
BROC	844281	821318	0.01378663	0.01378663	0.005290178	2.606081	
BROC	837402	846072	-0.005150065	-0.005150065	0.005667686	-0.9086714	
BROC	837623	820238	0.0104864	0.0104864	0.005591401	1.875452	
BROC	843682	824846	0.01128899	0.01128899	0.005607116	2.013333	
BROC	845859	829994	0.009466821	0.009466821	0.005547708	1.706438	
BROC	864760	834819	0.01761672	0.01761672	0.005644924	3.120807	
BROC	872187	830371	0.02456069	0.02456069	0.005650998	4.346257	
BROC	861571	837085	0.01441493	0.01441493	0.005648407	2.552034	
BROC	860893	827442	0.01981301	0.01981301	0.005367316	3.691419	
BROC	861455	826068	0.02096979	0.02096979	0.005249852	3.994358	
BROC	855512	852041	0.002032733	0.002032733	0.005658547	0.3592324	
BROC	859384	830038	0.01737044	0.01737044	0.005597121	3.103459	
BROC	862596	832606	0.01769111	0.01769111	0.005598088	3.160205	
BROC	860674	832670	0.01653769	0.01653769	0.005638859	2.932808	
BROC	857849	836005	0.01289603	0.01289603	0.005592778	2.305837	
BROC	858047	824387	0.02000673	0.02000673	0.005447473	3.672662	
BROC	853140	836523	0.009834505	0.009834505	0.005517513	1.782416	
BROC	855649	830582	0.0148657	0.0148657	0.005433423	2.735973	
BROC	853782	826885	0.01600377	0.01600377	0.005229114	3.060512	
BROC	847893	853100	-0.003061153	-0.003061153	0.005668752	-0.5400048	
BROC	854347	832979	0.01266382	0.01266382	0.005641706	2.24468	
BROC	856323	833793	0.01333045	0.01333045	0.00557354	2.391738	
BROC	857378	837702	0.01160771	0.01160771	0.00561163	2.06851	
BROC	866355	839771	0.0155815	0.0155815	0.005693262	2.736832	
BROC	868656	830367	0.02253589	0.02253589	0.005663	3.979497	
BROC	866293	845337	0.0122433	0.0122433	0.005658311	2.163773	
BROC	863074	833072	0.01768834	0.01768834	0.005383995	3.285355	
BROC	862150	830141	0.0189146	0.0189146	0.005282968	3.580297	
BROC	854714	854775	-3.568318e-05	-3.568318e-05	0.005559782	-0.00641809	
BROC	858009	832215	0.0152607	0.0152607	0.005586226	2.731844	
BROC	859383	832586	0.01583776	0.01583776	0.005486429	2.886716	
BROC	866038	841419	0.01441852	0.01441852	0.005626075	2.562802	
BROC	868191	830451	0.02221775	0.02221775	0.005638404	3.940432	
BROC	874203	825037	0.02893411	0.02893411	0.005523013	5.238828	
BROC	864065	831625	0.01913086	0.01913086	0.005526321	3.461771	
BROC	867239	825740	0.02451241	0.02451241	0.005365028	4.568925	
BROC	869455	826399	0.02538898	0.02538898	0.005294255	4.795571	
BROC	858559	847733	0.006344752	0.006344752	0.005589654	1.135088	
BROC	863777	826454	0.0220816	0.0220816	0.005606887	3.938299	
BROC	862764	824666	0.02257753	0.02257753	0.005511414	4.096504	
BROC	867646	832164	0.0208741	0.0208741	0.005671456	3.680554	
BROC	872628	842319	0.01767343	0.01767343	0.005831547	3.030659	
BROC	875063	833247	0.02447799	0.02447799	0.005853767	4.181579	
BROC	866966	842392	0.01437616	0.01437616	0.005754221	2.498367	
BROC	867769	833922	0.01989022	0.01989022	0.005633665	3.5306	
BROC	867431	831594	0.02109269	0.02109269	0.00551248	3.826351	
BROC	864528	861478	0.001767085	0.001767085	0.005838334	0.3026695	
BROC	866418	836786	0.0173978	0.0173978	0.005838378	2.979903	
BROC	866852	836399	0.01787934	0.01787934	0.005760092	3.104002	
BROC	870319	842524	0.01622741	0.01622741	0.005811085	2.792492	
BROC	858949	831427	0.01628158	0.01628158	0.005926863	2.747083	
BROC	865449	826588	0.02296699	0.02296699	0.005862922	3.917329	
BROC	857811	836411	0.01263117	0.01263117	0.005951544	2.122334	
BROC	854557	823719	0.01837481	0.01837481	0.005610523	3.275061	
BROC	853430	820638	0.01958821	0.01958821	0.005466467	3.58334	
BROC	851654	851323	0.0001943655	0.0001943655	0.005993386	0.03243	
BROC	852345	825402	0.01605904	0.01605904	0.00585221	2.744098	
BROC	856284	828559	0.01645554	0.01645554	0.005901711	2.788266	
BROC	857993	832651	0.01498955	0.01498955	0.005910681	2.536011	
BROC	848989	833072	0.009462796	0.009462796	0.005456943	1.734084	
BROC	856489	823838	0.01943134	0.01943134	0.005382005	3.610427	
BROC	851674	843351	0.004910252	0.004910252	0.005567708	0.8819163	
BROC	851807	832363	0.01154515	0.01154515	0.005284374	2.184772	
BROC	849123	830236	0.01124655	0.01124655	0.005044779	2.229345	
BROC	846909	849757	-0.001678586	-0.001678586	0.005535825	-0.3032224	
BROC	841460	830608	0.006490167	0.006490167	0.005384377	1.20537	
BROC	847747	831825	0.009479796	0.009479796	0.005459985	1.736231	
BROC	854569	833793	0.01230542	0.01230542	0.005422579	2.269292	
BROC	870228	841779	0.01661734	0.01661734	0.005493007	3.025181	
BROC	880272	835383	0.02616435	0.02616435	0.005501438	4.755912	
BROC	870858	850307	0.01194017	0.01194017	0.005595142	2.134024	
BROC	867434	834515	0.01934194	0.01934194	0.00518226	3.732338	
BROC	865967	834466	0.01852528	0.01852528	0.004983327	3.717452	
BROC	865066	855469	0.005577916	0.005577916	0.005471924	1.01937	
BROC	864384	840950	0.01374159	0.01374159	0.005356643	2.565336	
BROC	867985	840659	0.0159928	0.0159928	0.005437628	2.941135	
BROC	870084	836485	0.01968804	0.01968804	0.005466706	3.601445	
BROC	865495	842634	0.01338365	0.01338365	0.005445979	2.457529	
BROC	865913	826172	0.02348641	0.02348641	0.0052633	4.462297	
BROC	861422	846010	0.009026421	0.009026421	0.00534242	1.689575	
BROC	862352	835146	0.01602712	0.01602712	0.005164792	3.103149	
BROC	859595	833628	0.01533584	0.01533584	0.004969945	3.085716	
BROC	857785	854414	0.001968813	0.001968813	0.005440907	0.3618539	
BROC	859755	841668	0.01063051	0.01063051	0.005412064	1.964225	
BROC	861474	839114	0.01314839	0.01314839	0.005405817	2.432267	
BROC	867623	840084	0.0161263	0.0161263	0.005342034	3.018757	
BROC	874211	848581	0.01487701	0.01487701	0.005602039	2.655643	
BROC	878410	835971	0.02475471	0.02475471	0.005528157	4.477931	
BROC	874994	856807	0.01050178	0.01050178	0.005634358	1.863883	
BROC	870381	840166	0.01766394	0.01766394	0.00522836	3.378486	
BROC	868492	839539	0.0169511	0.0169511	0.005086472	3.332585	
BROC	865809	858775	0.004078665	0.004078665	0.00544847	0.7485889	
BROC	864841	844534	0.01187978	0.01187978	0.005463148	2.17453	
BROC	867416	842201	0.01474892	0.01474892	0.005513892	2.674865	
BROC	876707	845797	0.01794481	0.01794481	0.005447036	3.294417	
BROC	869897	843287	0.01553248	0.01553248	0.005523482	2.812082	
BROC	876851	833641	0.02526174	0.02526174	0.005390637	4.686225	
BROC	867170	847687	0.0113613	0.0113613	0.00549795	2.066461	
BROC	868746	837561	0.01827631	0.01827631	0.005217288	3.503029	
BROC	869329	839571	0.01741354	0.01741354	0.005051231	3.447386	
BROC	862751	855179	0.00440763	0.00440763	0.005394614	0.8170428	
BROC	863347	841443	0.0128485	0.0128485	0.005426315	2.367814	
BROC	862171	835581	0.01566189	0.01566189	0.005439333	2.879377	
BROC	872257	840375	0.01861579	0.01861579	0.00540882	3.441747	
BROC	872284	850662	0.01254944	0.01254944	0.005680848	2.209078	
BROC	875916	837972	0.02213914	0.02213914	0.005612557	3.944572	
BROC	868136	854824	0.007726239	0.007726239	0.005620099	1.374751	
BROC	868113	841837	0.01536653	0.01536653	0.00543229	2.828739	
BROC	865448	840633	0.01454503	0.01454503	0.005206291	2.793742	
BROC	867528	866344	0.0006828647	0.0006828647	0.005605316	0.1218245	
BROC	864236	848041	0.009458166	0.009458166	0.005565857	1.699319	
BROC	866410	845883	0.01198802	0.01198802	0.00558493	2.146494	
BROC	872317	846654	0.01492928	0.01492928	0.005511759	2.708623	
BROC	860489	838279	0.01307418	0.01307418	0.005707067	2.290876	
BROC	868856	830360	0.02265515	0.02265515	0.005578559	4.061112	
BROC	860949	847231	0.00803077	0.00803077	0.00568533	1.412543	
BROC	857885	831384	0.01568785	0.01568785	0.005347033	2.933936	
BROC	855745	830446	0.01500364	0.01500364	0.005154474	2.910799	
BROC	857483	855152	0.001361061	0.001361061	0.005702449	0.23868	
BROC	852894	835508	0.01029731	0.01029731	0.005532071	1.861384	
BROC	857023	835622	0.01264353	0.01264353	0.005682875	2.224847	
BROC	864134	837467	0.01567171	0.01567171	0.005623917	2.786619	
BROC	816969	830888	-0.008446728	-0.008446728	0.005052884	-1.671665	
BROC	820114	825636	-0.003355309	-0.003355309	0.005030474	-0.6669966	
BROC	818811	836244	-0.01053318	-0.01053318	0.005117525	-2.058258	
BROC	814544	832511	-0.01090856	-0.01090856	0.004862847	-2.243246	
BROC	815261	826441	-0.006810006	-0.006810006	0.004650237	-1.464443	
BROC	814542	844259	-0.01791475	-0.01791475	0.00516185	-3.470606	
BROC	810060	828083	-0.01100209	-0.01100209	0.005083765	-2.164162	
BROC	812482	831547	-0.01159651	-0.01159651	0.005068703	-2.287865	
BROC	820032	830580	-0.006390357	-0.006390357	0.005120105	-1.248091	
BROC	838893	838654	0.0001424699	0.0001424699	0.005177621	0.02751648	
BROC	845304	837480	0.004649438	0.004649438	0.005249154	0.8857499	
BROC	837679	841434	-0.0022363	-0.0022363	0.005182629	-0.4314991	
BROC	830984	834578	-0.00215783	-0.00215783	0.004838805	-0.4459428	
BROC	832678	830124	0.001535962	0.001535962	0.00468723	0.3276907	
BROC	834164	850442	-0.009662794	-0.009662794	0.005153049	-1.875161	
BROC	833220	837464	-0.002540277	-0.002540277	0.005118375	-0.4963053	
BROC	833180	839348	-0.003687831	-0.003687831	0.005092586	-0.7241567	
BROC	834812	831329	0.002090459	0.002090459	0.005109345	0.4091443	
BROC	832528	841425	-0.005314964	-0.005314964	0.005151323	-1.031767	
BROC	829352	830518	-0.0007024647	-0.0007024647	0.005109826	-0.1374733	
BROC	828082	841128	-0.007815673	-0.007815673	0.005064406	-1.543256	
BROC	824556	837442	-0.007753319	-0.007753319	0.004931549	-1.572187	
BROC	825718	832531	-0.004108551	-0.004108551	0.004753845	-0.8642584	
BROC	825163	851124	-0.0154872	-0.0154872	0.005213096	-2.970827	
BROC	826982	839941	-0.007774204	-0.007774204	0.005177186	-1.501627	
BROC	825821	840792	-0.008982889	-0.008982889	0.005101653	-1.76078	
BROC	831032	837420	-0.003828699	-0.003828699	0.00510209	-0.7504177	
BROC	836614	848166	-0.006856682	-0.006856682	0.005193982	-1.32012	
BROC	838602	842385	-0.002250464	-0.002250464	0.005276002	-0.4265472	
BROC	836372	851782	-0.009128314	-0.009128314	0.005221346	-1.748268	
BROC	828317	843719	-0.009211524	-0.009211524	0.004866638	-1.89279	
BROC	829727	838810	-0.005443691	-0.005443691	0.004772152	-1.14072	
BROC	829892	858132	-0.01672962	-0.01672962	0.005155175	-3.245209	
BROC	826879	843175	-0.009757768	-0.009757768	0.005111237	-1.909081	
BROC	827966	845496	-0.01047529	-0.01047529	0.00512878	-2.042453	
BROC	837883	846369	-0.005038438	-0.005038438	0.005199693	-0.9689878	
BROC	842774	837288	0.003265356	0.003265356	0.005208001	0.6269883	
BROC	846381	833485	0.007676803	0.007676803	0.005194381	1.477905	
BROC	838917	837325	0.0009497435	0.0009497435	0.005124939	0.185318	
BROC	836655	835143	0.0009044155	0.0009044155	0.004919829	0.1838307	
BROC	840303	832348	0.004755923	0.004755923	0.004823358	0.9860192	
BROC	837203	848707	-0.006823615	-0.006823615	0.005118374	-1.333161	
BROC	835467	834385	0.0006479616	0.0006479616	0.005132307	0.1262515	
BROC	832147	832844	-0.0004186209	-0.0004186209	0.005072159	-0.08253308	
BROC	842158	833791	0.004992395	0.004992395	0.005117684	0.9755185	
BROC	841802	846051	-0.002517399	-0.002517399	0.00530942	-0.4741383	
BROC	842854	839528	0.001976959	0.001976959	0.005394669	0.3664653	
BROC	837789	846764	-0.005327823	-0.005327823	0.005361753	-0.9936718	
BROC	831703	839610	-0.004731011	-0.004731011	0.00503545	-0.9395409	
BROC	833561	835157	-0.0009564228	-0.0009564228	0.00491456	-0.1946101	
BROC	838636	860844	-0.01306753	-0.01306753	0.00532016	-2.456228	
BROC	835464	844324	-0.005274475	-0.005274475	0.005291999	-0.9966885	
BROC	831994	842844	-0.006478238	-0.006478238	0.00521517	-1.242191	
BROC	838629	840956	-0.001385461	-0.001385461	0.005223787	-0.2652216	
BROC	837432	830394	0.004219865	0.004219865	0.005411026	0.779864	
BROC	842998	829185	0.00826046	0.00826046	0.005411429	1.526484	
BROC	838075	836353	0.001028411	0.001028411	0.005537761	0.1857088	
BROC	830054	827339	0.001638115	0.001638115	0.005121888	0.3198264	
BROC	831642	822802	0.005343185	0.005343185	0.005005708	1.067418	
BROC	834523	845058	-0.006272398	-0.006272398	0.005415837	-1.158158	
BROC	830657	828327	0.001404474	0.001404474	0.005315847	0.2642051	
BROC	830518	830139	0.0002282229	0.0002282229	0.005317452	0.0429196	
BROC	838497	829371	0.005471656	0.005471656	0.005380724	1.0169	
BROC	800883	811046	-0.006304868	-0.006304868	0.005101951	-1.235776	
BROC	805353	806837	-0.000920487	-0.000920487	0.004999017	-0.1841336	
BROC	804544	812242	-0.004761298	-0.004761298	0.005108737	-0.9319913	
BROC	798210	814780	-0.01027285	-0.01027285	0.004820343	-2.131144	
BROC	799139	810714	-0.007190097	-0.007190097	0.00470833	-1.527101	
BROC	798762	820571	-0.01346789	-0.01346789	0.005062752	-2.660192	
BROC	794051	806814	-0.007972565	-0.007972565	0.00501346	-1.590232	
BROC	797243	811201	-0.008677952	-0.008677952	0.005063491	-1.713828	
BROC	803510	810050	-0.00405315	-0.00405315	0.005118441	-0.7918718	
BROC	819833	820999	-0.0007106151	-0.0007106151	0.005213103	-0.1363133	
BROC	827303	820130	0.004354047	0.004354047	0.005192471	0.8385307	
BROC	821850	820327	0.0009274274	0.0009274274	0.00524262	0.1769015	
BROC	811954	819180	-0.004430047	-0.004430047	0.004842549	-0.9148172	
BROC	814308	816783	-0.001517389	-0.001517389	0.004722965	-0.3212789	
BROC	815748	828505	-0.007758538	-0.007758538	0.005115172	-1.51677	
BROC	814677	818164	-0.002135542	-0.002135542	0.005070279	-0.4211882	
BROC	814694	820407	-0.003493974	-0.003493974	0.005075853	-0.6883521	
BROC	815968	813455	0.001542264	0.001542264	0.005207266	0.2961754	
BROC	814696	822546	-0.004794649	-0.004794649	0.005138937	-0.933004	
BROC	813093	812648	0.0002737213	0.0002737213	0.005051558	0.05418553	
BROC	813152	818604	-0.003341186	-0.003341186	0.005040927	-0.6628118	
BROC	807445	821467	-0.0086082	-0.0086082	0.00487886	-1.764388	
BROC	808165	817936	-0.006008852	-0.006008852	0.004775923	-1.258155	
BROC	808541	828971	-0.01247624	-0.01247624	0.005110806	-2.44115	
BROC	809885	820041	-0.006230958	-0.006230958	0.005076029	-1.227526	
BROC	809245	821528	-0.007532011	-0.007532011	0.005079759	-1.48275	
BROC	814696	819817	-0.003133043	-0.003133043	0.005176185	-0.6052804	
BROC	821297	828162	-0.004161971	-0.004161971	0.00522324	-0.7968178	
BROC	823218	821900	0.0008011583	0.0008011583	0.005258751	0.1523477	
BROC	822434	826495	-0.002462811	-0.002462811	0.005246631	-0.469408	
BROC	812458	825458	-0.007936915	-0.007936915	0.004862126	-1.632396	
BROC	814170	822307	-0.004972267	-0.004972267	0.004827648	-1.029956	
BROC	814499	833429	-0.01148715	-0.01148715	0.005166243	-2.223502	
BROC	812131	821529	-0.005752727	-0.005752727	0.0050641	-1.135982	
BROC	812064	823000	-0.006688423	-0.006688423	0.005122955	-1.305579	
BROC	821827	825080	-0.001975218	-0.001975218	0.005230921	-0.3776042	
BROC	825597	817033	0.00521359	0.00521359	0.005197294	1.003136	
BROC	830565	813464	0.01040188	0.01040188	0.005123983	2.030039	
BROC	825369	813716	0.007109454	0.007109454	0.005101532	1.393592	
BROC	820419	818004	0.001473978	0.001473978	0.004881303	0.3019641	
BROC	824441	817229	0.004393088	0.004393088	0.004829723	0.909594	
BROC	820546	824388	-0.002335656	-0.002335656	0.005064212	-0.4612082	
BROC	819862	813703	0.003770282	0.003770282	0.005089995	0.740724	
BROC	816190	811854	0.002663319	0.002663319	0.005041403	0.5282891	
BROC	826918	815156	0.007162893	0.007162893	0.005121001	1.398729	
BROC	826041	825174	0.0005250679	0.0005250679	0.005338324	0.09835819	
BROC	829563	820351	0.005583321	0.005583321	0.005365495	1.040598	
BROC	825309	821856	0.002096329	0.002096329	0.005398692	0.3883032	
BROC	816524	821757	-0.003194202	-0.003194202	0.005072042	-0.6297664	
BROC	818666	819146	-0.0002930739	-0.0002930739	0.004971334	-0.05895278	
BROC	823507	835738	-0.007371425	-0.007371425	0.005286237	-1.394456	
BROC	820216	821893	-0.001021248	-0.001021248	0.005210709	-0.1959902	
BROC	817676	821811	-0.00252213	-0.00252213	0.005240213	-0.481303	
BROC	824258	821020	0.001968056	0.001968056	0.005287968	0.3721763	
BROC	815941	813798	0.001314934	0.001314934	0.005336285	0.2464138	
BROC	822445	812426	0.006128312	0.006128312	0.005279265	1.160827	
BROC	818495	814796	0.002264753	0.002264753	0.005419939	0.4178557	
BROC	808418	812908	-0.002769338	-0.002769338	0.005004226	-0.5533999	
BROC	809729	809403	0.0002013424	0.0002013424	0.004918251	0.04093782	
BROC	813770	824708	-0.006675708	-0.006675708	0.005344205	-1.249149	
BROC	810248	810827	-0.0003571704	-0.0003571704	0.005253855	-0.06798253	
BROC	810740	813175	-0.001499463	-0.001499463	0.005284051	-0.2837714	
BROC	816722	811497	0.003209028	0.003209028	0.005354733	0.5992881	
BROC	820366	822674	-0.001404713	-0.001404713	0.005072711	-0.2769157	
BROC	823328	819393	0.002395416	0.002395416	0.005078414	0.4716858	
BROC	824711	826489	-0.001076793	-0.001076793	0.005175018	-0.2080752	
BROC	818337	828125	-0.005944868	-0.005944868	0.004972413	-1.19557	
BROC	818598	821247	-0.001615397	-0.001615397	0.004728785	-0.3416092	
BROC	817041	837913	-0.01261183	-0.01261183	0.00520032	-2.425203	
BROC	814864	817545	-0.001642358	-0.001642358	0.0051014	-0.3219426	
BROC	815084	825985	-0.006642621	-0.006642621	0.005221067	-1.272273	
BROC	823792	822800	0.0006024565	0.0006024565	0.005165059	0.1166408	
BROC	839710	834470	0.00312989	0.00312989	0.005207019	0.6010907	
BROC	844994	833841	0.006643297	0.006643297	0.005267375	1.261216	
BROC	840809	834562	0.003728726	0.003728726	0.00526186	0.7086328	
BROC	831160	832685	-0.0009165517	-0.0009165517	0.004905284	-0.1868499	
BROC	832844	827816	0.003027712	0.003027712	0.004761504	0.635873	
BROC	833269	846559	-0.007911524	-0.007911524	0.005233883	-1.511597	
BROC	835968	830660	0.003184874	0.003184874	0.005127152	0.6211779	
BROC	831329	835541	-0.002526892	-0.002526892	0.005133273	-0.4922575	
BROC	834071	825380	0.005237274	0.005237274	0.005123315	1.022243	
BROC	833204	836211	-0.00180123	-0.00180123	0.005149122	-0.349813	
BROC	829683	826325	0.002027768	0.002027768	0.005146322	0.3940228	
BROC	831087	833448	-0.001418414	-0.001418414	0.00505223	-0.2807501	
BROC	824974	835004	-0.006042249	-0.006042249	0.004995066	-1.209643	
BROC	825784	829355	-0.002157523	-0.002157523	0.004808259	-0.4487119	
BROC	824151	846390	-0.01331245	-0.01331245	0.005197378	-2.561379	
BROC	829184	831990	-0.001689167	-0.001689167	0.005191713	-0.3253583	
BROC	824804	836981	-0.007327663	-0.007327663	0.005147952	-1.423413	
BROC	830992	831085	-5.595409e-05	-5.595409e-05	0.005098612	-0.01097438	
BROC	836872	843545	-0.003971038	-0.003971038	0.005303168	-0.7488049	
BROC	837276	837828	-0.0003295318	-0.0003295318	0.005328378	-0.06184467	
BROC	839225	844774	-0.003295133	-0.003295133	0.005255536	-0.6269831	
BROC	828176	841364	-0.007899182	-0.007899182	0.00497945	-1.586356	
BROC	829120	835702	-0.003953576	-0.003953576	0.00484244	-0.816443	
BROC	829169	854730	-0.01517965	-0.01517965	0.005253983	-2.88917	
BROC	829719	836524	-0.004084038	-0.004084038	0.005181618	-0.7881781	
BROC	826243	841965	-0.009424484	-0.009424484	0.00525138	-1.794668	
BROC	836550	840068	-0.002098272	-0.002098272	0.005240336	-0.4004078	
BROC	841354	832066	0.00555031	0.00555031	0.005231024	1.061037	
BROC	845148	829805	0.009160257	0.009160257	0.005191373	1.764515	
BROC	840364	830161	0.006107661	0.006107661	0.00510788	1.195733	
BROC	835375	832891	0.001488971	0.001488971	0.0049146	0.302969	
BROC	839079	829978	0.00545278	0.00545278	0.004827769	1.129462	
BROC	833921	843921	-0.005960037	-0.005960037	0.005112334	-1.165815	
BROC	836932	827724	0.005531473	0.005531473	0.00515879	1.072242	
BROC	829358	829548	-0.0001145333	-0.0001145333	0.005063285	-0.02262036	
BROC	841313	829091	0.007316793	0.007316793	0.005099786	1.434725	
BROC	843543	838235	0.003156184	0.003156184	0.005321433	0.5931078	
BROC	844589	833436	0.006646504	0.006646504	0.005451513	1.219204	
BROC	842333	836756	0.003321444	0.003321444	0.005362599	0.6193721	
BROC	833667	835010	-0.0008048292	-0.0008048292	0.00515468	-0.1561356	
BROC	834981	829742	0.00314707	0.00314707	0.005030204	0.6256346	
BROC	838775	853603	-0.008761636	-0.008761636	0.005327325	-1.64466	
BROC	838428	833630	0.002869518	0.002869518	0.005305522	0.540855	
BROC	832720	837420	-0.002814135	-0.002814135	0.005264001	-0.5346001	
BROC	840120	832716	0.004426017	0.004426017	0.005236117	0.845286	
BROC	839484	822367	0.01029996	0.01029996	0.005431104	1.896477	
BROC	845538	823223	0.0133722	0.0133722	0.005488967	2.436195	
BROC	843365	826859	0.009882507	0.009882507	0.005587358	1.768726	
BROC	832774	823180	0.005793639	0.005793639	0.005252977	1.102925	
BROC	834435	818192	0.009828594	0.009828594	0.005140438	1.912015	
BROC	835691	838604	-0.001739837	-0.001739837	0.005493201	-0.3167255	
BROC	835458	818798	0.01007099	0.01007099	0.005403597	1.863757	
BROC	832115	824900	0.004354215	0.004354215	0.005472646	0.7956326	
BROC	840732	821420	0.01161867	0.01161867	0.005461242	2.127478	
BROC	847033	822998	0.01439195	0.01439195	0.005496959	2.618166	
BROC	851882	815810	0.02162989	0.02162989	0.00549709	3.93479	
BROC	851349	822705	0.01711056	0.01711056	0.005608707	3.050714	
BROC	845660	824112	0.01290476	0.01290476	0.005403741	2.388115	
BROC	845723	820498	0.01513905	0.01513905	0.005205634	2.908205	
BROC	845747	834028	0.00697653	0.00697653	0.005611545	1.243246	
BROC	840678	814507	0.01581153	0.01581153	0.005381666	2.938035	
BROC	845600	820808	0.01487751	0.01487751	0.005492925	2.708486	
BROC	853026	817287	0.02139659	0.02139659	0.005551143	3.854447	
BROC	866467	832499	0.01999334	0.01999334	0.005681669	3.51892	
BROC	871291	825650	0.02689604	0.02689604	0.005617581	4.787834	
BROC	867312	829078	0.02253845	0.02253845	0.005711208	3.946354	
BROC	858662	826748	0.01893545	0.01893545	0.005378446	3.520618	
BROC	860352	824907	0.02103238	0.02103238	0.005199056	4.045422	
BROC	861181	839891	0.01251564	0.01251564	0.005624426	2.225229	
BROC	860597	824458	0.02144678	0.02144678	0.005489214	3.907076	
BROC	861699	827453	0.02027408	0.02027408	0.005498918	3.686922	
BROC	865762	820080	0.02709744	0.02709744	0.005672722	4.776796	
BROC	862616	829385	0.01964006	0.01964006	0.00556556	3.528856	
BROC	860851	815742	0.02690516	0.02690516	0.005379611	5.001321	
BROC	861638	823893	0.02239354	0.02239354	0.005466829	4.096257	
BROC	857390	826122	0.01857308	0.01857308	0.005353544	3.469305	
BROC	856236	821712	0.02057513	0.02057513	0.005134782	4.007012	
BROC	856217	835641	0.01216178	0.01216178	0.005679188	2.141464	
BROC	857841	822453	0.0210606	0.0210606	0.005475955	3.846014	
BROC	858640	824843	0.02007564	0.02007564	0.005455327	3.680007	
BROC	866219	821704	0.02637265	0.02637265	0.005530957	4.768189	
BROC	868833	837639	0.01827982	0.01827982	0.005678907	3.218897	
BROC	868451	825729	0.02521692	0.02521692	0.005662089	4.453643	
BROC	870948	835259	0.02091716	0.02091716	0.005650435	3.701867	
BROC	861181	831848	0.01732575	0.01732575	0.00529128	3.274397	
BROC	862157	829492	0.01930956	0.01930956	0.005212861	3.704216	
BROC	860721	842193	0.01088017	0.01088017	0.005572347	1.95253	
BROC	860360	827179	0.01966236	0.01966236	0.005468936	3.595281	
BROC	860737	829059	0.01874664	0.01874664	0.005548706	3.378561	
BROC	871912	828792	0.02535421	0.02535421	0.00564664	4.490141	
BROC	866314	830012	0.02140037	0.02140037	0.005622281	3.806349	
BROC	871132	823078	0.02836366	0.02836366	0.005598872	5.06596	
BROC	865997	824910	0.02429879	0.02429879	0.005581909	4.353133	
BROC	862382	827972	0.02035668	0.02035668	0.005388338	3.777915	
BROC	865418	827459	0.02242277	0.02242277	0.005219492	4.295969	
BROC	861077	837034	0.01415867	0.01415867	0.005560652	2.546226	
BROC	860592	822197	0.02281629	0.02281629	0.005462761	4.176696	
BROC	859233	822286	0.0219724	0.0219724	0.005504465	3.99174	
BROC	869176	820823	0.02861126	0.02861126	0.00555878	5.14704	
BROC	875260	832234	0.02519833	0.02519833	0.005727183	4.399778	
BROC	876478	821854	0.03216332	0.03216332	0.005770069	5.574166	
BROC	874423	827164	0.02777348	0.02777348	0.005809149	4.78099	
BROC	868865	827930	0.02412489	0.02412489	0.005593421	4.313084	
BROC	868364	823565	0.02647806	0.02647806	0.005380619	4.921007	
BROC	872752	842477	0.0176507	0.0176507	0.005786974	3.050075	
BROC	869134	824156	0.02656249	0.02656249	0.005611895	4.733248	
BROC	869745	826576	0.0254486	0.0254486	0.005702258	4.4629	
BROC	878068	823384	0.03213961	0.03213961	0.005713383	5.62532	
BROC	860303	825892	0.02040749	0.02040749	0.005785342	3.527447	
BROC	866251	820338	0.0272224	0.0272224	0.005699413	4.776352	
BROC	862807	824248	0.0228558	0.0228558	0.005812441	3.932222	
BROC	853862	821822	0.01912055	0.01912055	0.005463874	3.499449	
BROC	853440	817653	0.02141533	0.02141533	0.005293868	4.045308	
BROC	857418	835848	0.0127387	0.0127387	0.005797768	2.197172	
BROC	853880	817394	0.02183125	0.02183125	0.005556385	3.929038	
BROC	856118	821333	0.02073682	0.02073682	0.005752229	3.605006	
BROC	863396	817188	0.0274952	0.0274952	0.005703493	4.820766	
BROC	848548	829232	0.01151283	0.01151283	0.005492494	2.096103	
BROC	854726	824636	0.01791752	0.01791752	0.005397322	3.319705	
BROC	854466	834560	0.01178549	0.01178549	0.005623151	2.095887	
BROC	847291	831699	0.009286535	0.009286535	0.005246087	1.770183	
BROC	847204	825378	0.01304929	0.01304929	0.005067423	2.575132	
BROC	849996	833959	0.009523414	0.009523414	0.005315851	1.791513	
BROC	841170	825420	0.009450435	0.009450435	0.005380866	1.756304	
BROC	846854	831279	0.009281148	0.009281148	0.005442848	1.705201	
BROC	852987	831623	0.01268187	0.01268187	0.005476195	2.315817	
BROC	855203	845647	0.005618367	0.005618367	0.005501832	1.021181	
BROC	863467	843388	0.01176374	0.01176374	0.005548493	2.120169	
BROC	855702	845713	0.005870996	0.005870996	0.005614101	1.045759	
BROC	848535	842867	0.003351066	0.003351066	0.005208029	0.6434423	
BROC	850132	838445	0.006921212	0.006921212	0.005097458	1.357777	
BROC	852040	846502	0.003260443	0.003260443	0.005376771	0.6063944	
BROC	849713	843365	0.003749384	0.003749384	0.005454117	0.6874412	
BROC	850882	845818	0.002984617	0.002984617	0.005393597	0.5533631	
BROC	851459	839950	0.006804386	0.006804386	0.005521831	1.23227	
BROC	852661	845095	0.004456471	0.004456471	0.005492298	0.8114037	
BROC	850367	832142	0.01083204	0.01083204	0.00535076	2.024392	
BROC	850734	842841	0.004660555	0.004660555	0.005294149	0.8803219	
BROC	845674	841891	0.002241691	0.002241691	0.005193261	0.431654	
BROC	846067	836638	0.005603478	0.005603478	0.005046485	1.110372	
BROC	847231	843694	0.002091755	0.002091755	0.005306814	0.3941639	
BROC	847074	842783	0.002539268	0.002539268	0.005445251	0.4663271	
BROC	848021	844596	0.002023494	0.002023494	0.005342153	0.3787787	
BROC	852401	842932	0.005585333	0.005585333	0.005452812	1.024303	
BROC	857793	850508	0.004264471	0.004264471	0.005562619	0.7666301	
BROC	860699	842816	0.01049771	0.01049771	0.005619953	1.867935	
BROC	860217	852298	0.004624193	0.004624193	0.005626147	0.8219111	
BROC	852038	848346	0.002171274	0.002171274	0.005250148	0.4135644	
BROC	852837	842988	0.005807793	0.005807793	0.005193637	1.118251	
BROC	852594	849373	0.001892516	0.001892516	0.005388741	0.3511982	
BROC	848876	844897	0.002349193	0.002349193	0.005397087	0.4352706	
BROC	851037	847891	0.001851756	0.001851756	0.005545772	0.3339041	
BROC	859178	850007	0.005365715	0.005365715	0.005578986	0.9617725	
BROC	859660	841175	0.01086819	0.01086819	0.00546825	1.987508	
BROC	866003	837358	0.01681675	0.01681675	0.005506191	3.054154	
BROC	859710	840666	0.01119988	0.01119988	0.005486162	2.041477	
BROC	856770	841929	0.008736686	0.008736686	0.005244907	1.665747	
BROC	860231	839434	0.01223594	0.01223594	0.005090428	2.403716	
BROC	856742	842200	0.008559445	0.008559445	0.005251984	1.629755	
BROC	854772	839402	0.009072268	0.009072268	0.005446856	1.665597	
BROC	852696	838629	0.008317148	0.008317148	0.005406295	1.538419	
BROC	860973	840854	0.011822	0.011822	0.005548573	2.130638	
BROC	865562	849112	0.00959366	0.00959366	0.005675546	1.69035	
BROC	868189	841392	0.0156746	0.0156746	0.005626514	2.785846	
BROC	864433	847547	0.009863433	0.009863433	0.005652542	1.744955	
BROC	857425	844742	0.00745109	0.00745109	0.005378267	1.385407	
BROC	857573	838830	0.01104867	0.01104867	0.005220307	2.116479	
BROC	866078	854074	0.006978453	0.006978453	0.005532379	1.261384	
BROC	858906	846278	0.007405652	0.007405652	0.005571602	1.329178	
BROC	859159	847674	0.006728836	0.006728836	0.005526161	1.217633	
BROC	863935	846311	0.01030495	0.01030495	0.005598576	1.840638	
BROC	852176	838155	0.008294825	0.008294825	0.005741773	1.444645	
BROC	859714	835544	0.01425742	0.01425742	0.00569514	2.503436	
BROC	854055	839903	0.008354398	0.008354398	0.005811247	1.437626	
BROC	844464	834549	0.005905255	0.005905255	0.00536755	1.100177	
BROC	846390	830398	0.009537282	0.009537282	0.005242345	1.819278	
BROC	852748	842951	0.005777558	0.005777558	0.005613156	1.029289	
BROC	845164	834621	0.006276398	0.006276398	0.005593463	1.122095	
BROC	847038	837540	0.005638207	0.005638207	0.005653551	0.9972859	
BROC	852771	837049	0.00930395	0.00930395	0.005706222	1.630492	
BROC	847785	826592	0.01265725	0.01265725	0.005400395	2.343763	
BROC	854154	821232	0.0196504	0.0196504	0.005335362	3.683048	
BROC	851545	833399	0.0107695	0.0107695	0.005485815	1.963154	
BROC	847476	828189	0.01151006	0.01151006	0.00514889	2.235445	
BROC	846963	823970	0.01376058	0.01376058	0.004972661	2.767246	
BROC	845341	836665	0.005158127	0.005158127	0.005296579	0.97386	
BROC	841672	821738	0.01198382	0.01198382	0.005303909	2.259431	
BROC	847386	822163	0.01510767	0.01510767	0.00525169	2.876726	
BROC	853869	824633	0.01741791	0.01741791	0.005363635	3.247408	
BROC	864785	839786	0.01466586	0.01466586	0.005453095	2.689456	
BROC	872687	836322	0.02127841	0.02127841	0.005494909	3.872387	
BROC	863566	841822	0.01275018	0.01275018	0.005489454	2.322668	
BROC	859052	835834	0.01369886	0.01369886	0.005138974	2.665679	
BROC	859556	833237	0.01554768	0.01554768	0.005027021	3.092821	
BROC	858136	846308	0.006939506	0.006939506	0.005348063	1.297574	
BROC	859033	834971	0.01420422	0.01420422	0.005335406	2.662256	
BROC	862440	834399	0.01652543	0.01652543	0.005282797	3.12816	
BROC	863960	831214	0.01931719	0.01931719	0.005481181	3.524275	
BROC	860195	836733	0.01382616	0.01382616	0.005331572	2.593262	
BROC	860206	825312	0.02070224	0.02070224	0.005248004	3.944783	
BROC	858030	838001	0.01180934	0.01180934	0.005307635	2.224971	
BROC	854720	833088	0.01281662	0.01281662	0.005014256	2.556037	
BROC	853931	829428	0.01455602	0.01455602	0.004903093	2.968741	
BROC	851862	841959	0.005846545	0.005846545	0.005270735	1.109247	
BROC	855973	833390	0.01336776	0.01336776	0.005294447	2.524864	
BROC	856635	830173	0.01568762	0.01568762	0.005104322	3.073399	
BROC	862278	831231	0.01833294	0.01833294	0.005271961	3.477443	
BROC	861950	846524	0.00902911	0.00902911	0.005538636	1.630205	
BROC	865260	838435	0.01574519	0.01574519	0.005605267	2.808999	
BROC	862369	850027	0.007207445	0.007207445	0.005580233	1.291603	
BROC	857318	843277	0.008256522	0.008256522	0.005242133	1.575031	
BROC	858019	840770	0.0101537	0.0101537	0.00517525	1.961974	
BROC	854349	852212	0.001252226	0.001252226	0.005451647	0.2296968	
BROC	854982	840694	0.008426138	0.008426138	0.005405266	1.558876	
BROC	858362	839278	0.01124149	0.01124149	0.005483517	2.050051	
BROC	866310	843209	0.01351316	0.01351316	0.005544459	2.437236	
BROC	866781	834760	0.01881882	0.01881882	0.005453281	3.450918	
BROC	873580	830377	0.02535451	0.02535451	0.005399664	4.695572	
BROC	865274	836541	0.01688374	0.01688374	0.005371378	3.143279	
BROC	864819	834680	0.01773405	0.01773405	0.005114767	3.467225	
BROC	866539	833253	0.0195824	0.0195824	0.004991475	3.923168	
BROC	860768	842189	0.01090985	0.01090985	0.00521702	2.091203	
BROC	862332	831353	0.01829089	0.01829089	0.005340405	3.425	
BROC	861341	826288	0.02077056	0.02077056	0.005198003	3.995873	
BROC	871178	831661	0.02320654	0.02320654	0.005399044	4.298268	
BROC	869383	842933	0.01544692	0.01544692	0.00552122	2.797736	
BROC	872189	834706	0.02195976	0.02195976	0.005544458	3.960668	
BROC	866674	843539	0.01352755	0.01352755	0.00559204	2.419073	
BROC	862439	837886	0.01444018	0.01444018	0.005267025	2.74162	
BROC	862671	834701	0.01647841	0.01647841	0.005156027	3.195952	
BROC	867234	854599	0.00733811	0.00733811	0.005469054	1.341751	
BROC	863638	838798	0.01459086	0.01459086	0.00544849	2.677964	
BROC	863655	834428	0.01721176	0.01721176	0.005345985	3.219568	
BROC	871176	837546	0.01968138	0.01968138	0.005528699	3.559857	
BROC	855785	835553	0.01196213	0.01196213	0.005634301	2.12309	
BROC	862098	830793	0.01849204	0.01849204	0.005504418	3.35949	
BROC	856193	839408	0.009899145	0.009899145	0.005623357	1.760362	
BROC	849150	830995	0.01080561	0.01080561	0.005203391	2.076649	
BROC	849742	828270	0.01279609	0.01279609	0.005105952	2.506113	
BROC	853011	846249	0.003979379	0.003979379	0.005509607	0.7222619	
BROC	850052	830926	0.0113779	0.0113779	0.005484699	2.07448	
BROC	852013	828771	0.01382807	0.01382807	0.005440865	2.541521	
BROC	859716	831910	0.01643744	0.01643744	0.005552836	2.960188	
BROC	855185	823810	0.01868677	0.01868677	0.005532673	3.377531	
BROC	858689	822386	0.02159511	0.02159511	0.005389278	4.00705	
BROC	856741	832515	0.01434122	0.01434122	0.005494902	2.609915	
BROC	852513	826534	0.01547247	0.01547247	0.005248327	2.948076	
BROC	854168	820405	0.02016215	0.02016215	0.005089624	3.961423	
BROC	852590	834547	0.01069445	0.01069445	0.005454937	1.960508	
BROC	849938	819104	0.01847407	0.01847407	0.005400426	3.420854	
BROC	851738	825243	0.01579922	0.01579922	0.005466727	2.89007	
BROC	859733	823139	0.02174497	0.02174497	0.005495074	3.957175	
BROC	868670	836072	0.01912196	0.01912196	0.005529933	3.4579	
BROC	873656	836955	0.02145491	0.02145491	0.005480285	3.914925	
BROC	867005	841964	0.01465269	0.01465269	0.005516305	2.656252	
BROC	860117	832678	0.01620929	0.01620929	0.005103452	3.176142	
BROC	862434	827798	0.02049186	0.02049186	0.00499722	4.100652	
BROC	861007	842008	0.0111561	0.0111561	0.005365411	2.079262	
BROC	862218	830377	0.01881194	0.01881194	0.005306986	3.54475	
BROC	862535	835631	0.01584297	0.01584297	0.005315324	2.980622	
BROC	866067	828335	0.02226862	0.02226862	0.005441535	4.092342	
BROC	862850	838393	0.01437596	0.01437596	0.005578256	2.577142	
BROC	860104	830892	0.01727503	0.01727503	0.005417736	3.188606	
BROC	858138	840580	0.01033603	0.01033603	0.005345438	1.933617	
BROC	854720	835211	0.01154426	0.01154426	0.005245252	2.200897	
BROC	856550	830004	0.01573979	0.01573979	0.005095281	3.089091	
BROC	855146	844441	0.006298589	0.006298589	0.00544398	1.156982	
BROC	857958	833786	0.01428821	0.01428821	0.005448206	2.622554	
BROC	856256	837046	0.0113447	0.0113447	0.005415035	2.095037	
BROC	862608	832942	0.01749639	0.01749639	0.005394741	3.24323	
BROC	865776	846141	0.0114696	0.0114696	0.005658552	2.026949	
BROC	864874	840997	0.01399696	0.01399696	0.005637509	2.482826	
BROC	863722	851554	0.007093902	0.007093902	0.005601693	1.266385	
BROC	856801	842028	0.00869599	0.00869599	0.005282161	1.646294	
BROC	859340	837287	0.01299814	0.01299814	0.005231448	2.484617	
BROC	855795	850137	0.003316662	0.003316662	0.0054734	0.6059601	
BROC	857066	838176	0.01114295	0.01114295	0.005445632	2.046218	
BROC	856805	842354	0.008504796	0.008504796	0.005515192	1.542067	
BROC	866367	841385	0.01462859	0.01462859	0.005593506	2.61528	
BROC	870082	835225	0.02044031	0.02044031	0.005577397	3.664847	
BROC	873494	834508	0.0228255	0.0228255	0.005511834	4.141181	
BROC	865399	837754	0.01623166	0.01623166	0.005414303	2.997922	
BROC	864902	834922	0.01763712	0.01763712	0.005230343	3.372077	
BROC	869901	832662	0.02187232	0.02187232	0.00511017	4.280155	
BROC	862422	841717	0.01214983	0.01214983	0.005302683	2.291261	
BROC	865775	831834	0.01999341	0.01999341	0.005435756	3.678129	
BROC	860459	831348	0.01720705	0.01720705	0.005336815	3.224216	
BROC	871153	830865	0.02367072	0.02367072	0.005463349	4.33264	
BROC	867943	840368	0.01614167	0.01614167	0.005661806	2.850976	
BROC	869294	837474	0.01864342	0.01864342	0.005600449	3.328916	
BROC	865746	845318	0.01193877	0.01193877	0.005634044	2.119041	
BROC	860694	838158	0.01326543	0.01326543	0.005310397	2.498011	
BROC	862727	832929	0.01757314	0.01757314	0.005206562	3.375191	
BROC	865743	852105	0.007939003	0.007939003	0.005481906	1.448219	
BROC	862958	836412	0.01562108	0.01562108	0.00546013	2.860936	
BROC	861632	839725	0.01287619	0.01287619	0.00550762	2.337887	
BROC	868940	836128	0.01924381	0.01924381	0.005489902	3.50531	
BROC	863651	826647	0.021892	0.021892	0.005687559	3.849103	
BROC	869171	828412	0.02401002	0.02401002	0.005561905	4.31687	
BROC	864177	835278	0.01700486	0.01700486	0.005723189	2.971221	
BROC	856442	825012	0.01869216	0.01869216	0.005262631	3.551865	
BROC	859396	820606	0.02308926	0.02308926	0.005180534	4.456926	
BROC	861157	838097	0.01357066	0.01357066	0.005531806	2.453206	
BROC	857566	821534	0.02145912	0.02145912	0.005455011	3.933835	
BROC	857769	826521	0.01855262	0.01855262	0.005590273	3.318733	
BROC	866318	824176	0.02492881	0.02492881	0.005575379	4.471231	
