RIRL	902151	878605	0.01322247	0.01322247	0.006361411	2.078544	
RIRL	907867	885368	0.0125466	0.0125466	0.006631764	1.891895	
RIRL	900158	885272	0.008337487	0.008337487	0.006519839	1.278787	
RIRL	902962	878472	0.01374735	0.01374735	0.006107034	2.251069	
RIRL	899032	887090	0.006685993	0.006685993	0.006120644	1.092368	
RIRL	883362	898756	-0.008638036	-0.008638036	0.006448992	-1.33944	
RIRL	896326	881088	0.008573129	0.008573129	0.006410471	1.337363	
RIRL	904331	874879	0.01655341	0.01655341	0.006473107	2.55726	
RIRL	902408	879300	0.01296958	0.01296958	0.006233341	2.080678	
RIRL	920245	875777	0.02475916	0.02475916	0.00630124	3.929252	
RIRL	925637	882544	0.02383224	0.02383224	0.006619951	3.600063	
RIRL	920407	884006	0.02017332	0.02017332	0.006674793	3.022314	
RIRL	920575	874972	0.02539783	0.02539783	0.006076912	4.179397	
RIRL	914974	881611	0.01857023	0.01857023	0.006091899	3.048349	
RIRL	905658	898626	0.003897391	0.003897391	0.006670305	0.5842898	
RIRL	913107	877435	0.01992246	0.01992246	0.006488828	3.070271	
RIRL	918902	868672	0.02809954	0.02809954	0.006381083	4.403568	
RIRL	922254	877402	0.02492254	0.02492254	0.006317425	3.945047	
RIRL	874424	928879	-0.03019737	-0.03019737	0.005913174	-5.106795	
RIRL	874850	931053	-0.03112183	-0.03112183	0.006049517	-5.144514	
RIRL	873128	936130	-0.03482201	-0.03482201	0.006189713	-5.625787	
RIRL	869851	923177	-0.02974075	-0.02974075	0.005491364	-5.415913	
RIRL	867915	933464	-0.03638823	-0.03638823	0.005595149	-6.503533	
RIRL	857641	950024	-0.05110626	-0.05110626	0.005963577	-8.569733	
RIRL	867088	930823	-0.03544947	-0.03544947	0.006032608	-5.87631	
RIRL	869195	917547	-0.02706155	-0.02706155	0.005879513	-4.602685	
RIRL	872672	926611	-0.02997805	-0.02997805	0.005800486	-5.168196	
RIRL	851484	925489	-0.04164667	-0.04164667	0.006030197	-6.906352	
RIRL	852948	927773	-0.0420195	-0.0420195	0.006198412	-6.779074	
RIRL	852338	934985	-0.04624066	-0.04624066	0.006211621	-7.444219	
RIRL	847324	920393	-0.04133524	-0.04133524	0.005634337	-7.336309	
RIRL	844117	929454	-0.04811592	-0.04811592	0.005664819	-8.493814	
RIRL	835711	948205	-0.06306014	-0.06306014	0.006063431	-10.40008	
RIRL	843927	927009	-0.04691417	-0.04691417	0.00612108	-7.664363	
RIRL	846616	915228	-0.03894329	-0.03894329	0.005984389	-6.50748	
RIRL	849730	924813	-0.04231118	-0.04231118	0.005890159	-7.183367	
RIRL	871580	925601	-0.03005874	-0.03005874	0.006017978	-4.994824	
RIRL	873047	928947	-0.03102119	-0.03102119	0.006214361	-4.991855	
RIRL	872795	936072	-0.03498157	-0.03498157	0.006310581	-5.543319	
RIRL	867112	919859	-0.02951755	-0.02951755	0.005670746	-5.205232	
RIRL	864917	929985	-0.03625156	-0.03625156	0.005738655	-6.317083	
RIRL	854032	945582	-0.05087202	-0.05087202	0.006096685	-8.34421	
RIRL	865629	928486	-0.0350351	-0.0350351	0.006129264	-5.716037	
RIRL	864622	911870	-0.02659624	-0.02659624	0.005940885	-4.476814	
RIRL	871003	924540	-0.02981661	-0.02981661	0.005929771	-5.02829	
RIRL	908703	865045	0.02461342	0.02461342	0.006558846	3.752706	
RIRL	910934	868695	0.02373472	0.02373472	0.006723446	3.530143	
RIRL	908930	873928	0.01963252	0.01963252	0.006703623	2.928644	
RIRL	906783	862760	0.02487817	0.02487817	0.006307477	3.944236	
RIRL	903288	871751	0.01776693	0.01776693	0.006366909	2.790512	
RIRL	892639	887692	0.002778697	0.002778697	0.006787728	0.4093707	
RIRL	904348	869116	0.01986621	0.01986621	0.006618686	3.001533	
RIRL	908528	858581	0.02826481	0.02826481	0.006572321	4.300583	
RIRL	910627	867026	0.02452728	0.02452728	0.006509873	3.767705	
RIRL	913112	861990	0.02879947	0.02879947	0.006340213	4.542351	
RIRL	916230	866569	0.02785564	0.02785564	0.006639987	4.195134	
RIRL	911680	869108	0.02390627	0.02390627	0.006544751	3.652739	
RIRL	911010	858964	0.02940495	0.02940495	0.006110447	4.812242	
RIRL	907592	868091	0.02224552	0.02224552	0.006179044	3.600156	
RIRL	901517	887872	0.007625508	0.007625508	0.006624017	1.151191	
RIRL	905740	863321	0.02397826	0.02397826	0.006458948	3.712409	
RIRL	913365	855588	0.03266169	0.03266169	0.006616349	4.936513	
RIRL	914844	862885	0.02922774	0.02922774	0.006450298	4.531223	
RIRL	902719	883612	0.01069623	0.01069623	0.006222785	1.718881	
RIRL	905608	887981	0.009827781	0.009827781	0.006445719	1.524699	
RIRL	898583	888422	0.00568605	0.00568605	0.006272958	0.9064384	
RIRL	898929	879077	0.01116532	0.01116532	0.005853392	1.907495	
RIRL	896454	888762	0.004308722	0.004308722	0.005928349	0.7267997	
RIRL	887849	906607	-0.01045331	-0.01045331	0.006480032	-1.613157	
RIRL	897187	887056	0.005678038	0.005678038	0.006292326	0.902375	
RIRL	903981	878464	0.01431573	0.01431573	0.006330824	2.261274	
RIRL	904105	884490	0.01096671	0.01096671	0.006221214	1.762792	
RIRL	915393	874843	0.02265064	0.02265064	0.006268651	3.613321	
RIRL	916951	878069	0.02166104	0.02166104	0.006458217	3.354028	
RIRL	912300	880342	0.01782732	0.01782732	0.006547589	2.72273	
RIRL	912477	870673	0.02344391	0.02344391	0.005969244	3.92745	
RIRL	911308	881900	0.01639966	0.01639966	0.006039763	2.715282	
RIRL	899984	896116	0.002153555	0.002153555	0.006494389	0.3316024	
RIRL	910413	878787	0.01767606	0.01767606	0.006408078	2.758402	
RIRL	913040	865679	0.02662647	0.02662647	0.006337337	4.201523	
RIRL	916851	875054	0.02332546	0.02332546	0.006279386	3.714607	
RIRL	897818	870738	0.01531193	0.01531193	0.006258395	2.446622	
RIRL	902688	882332	0.01140379	0.01140379	0.006443272	1.769876	
RIRL	895243	882090	0.007400414	0.007400414	0.006427346	1.151395	
RIRL	898595	873415	0.01420985	0.01420985	0.005945867	2.389871	
RIRL	894404	879894	0.008177882	0.008177882	0.005951583	1.374068	
RIRL	876372	897115	-0.01169617	-0.01169617	0.00634941	-1.842087	
RIRL	891432	876268	0.008578379	0.008578379	0.006239017	1.374957	
RIRL	894352	873457	0.01181972	0.01181972	0.006352587	1.860615	
RIRL	894649	879057	0.008790634	0.008790634	0.00611443	1.437687	
RIRL	918059	864938	0.0297931	0.0297931	0.006156777	4.839074	
RIRL	922382	876511	0.02549957	0.02549957	0.006475128	3.93808	
RIRL	916809	877465	0.02192753	0.02192753	0.006557755	3.343756	
RIRL	918681	867514	0.02864581	0.02864581	0.005934704	4.82683	
RIRL	914131	873062	0.02297961	0.02297961	0.005944879	3.865446	
RIRL	900553	893986	0.003659436	0.003659436	0.006533673	0.5600886	
RIRL	910518	869768	0.02288958	0.02288958	0.006313501	3.625497	
RIRL	913155	866515	0.02620711	0.02620711	0.006313244	4.151132	
RIRL	915948	873508	0.0237167	0.0237167	0.006140049	3.862625	
RIRL	870074	918482	-0.02706541	-0.02706541	0.00579882	-4.667399	
RIRL	869883	925785	-0.03113159	-0.03113159	0.00598734	-5.199569	
RIRL	868469	930520	-0.03449215	-0.03449215	0.006092824	-5.661111	
RIRL	866345	916609	-0.02819142	-0.02819142	0.005438193	-5.183967	
RIRL	864265	924665	-0.0337632	-0.0337632	0.005455614	-6.188707	
RIRL	851520	946400	-0.05277209	-0.05277209	0.005879908	-8.974986	
RIRL	862659	923826	-0.03423874	-0.03423874	0.005904583	-5.798672	
RIRL	861993	916372	-0.03057809	-0.03057809	0.005823916	-5.250434	
RIRL	865918	924678	-0.03281589	-0.03281589	0.005710503	-5.746584	
RIRL	850048	914576	-0.03656756	-0.03656756	0.00593118	-6.16531	
RIRL	849868	921079	-0.04021069	-0.04021069	0.006115152	-6.575583	
RIRL	850426	928783	-0.04404036	-0.04404036	0.006143687	-7.168392	
RIRL	845828	912460	-0.03789595	-0.03789595	0.005582243	-6.788661	
RIRL	842948	919667	-0.04352567	-0.04352567	0.005554005	-7.836808	
RIRL	831838	943832	-0.0630714	-0.0630714	0.005994793	-10.52103	
RIRL	842263	919377	-0.04377398	-0.04377398	0.006008471	-7.285379	
RIRL	841767	912871	-0.04052346	-0.04052346	0.005961106	-6.797976	
RIRL	845231	921650	-0.04325079	-0.04325079	0.005778439	-7.484857	
RIRL	866272	916589	-0.02822262	-0.02822262	0.00591382	-4.772316	
RIRL	866308	923983	-0.03221543	-0.03221543	0.00612556	-5.259182	
RIRL	866964	931598	-0.03593649	-0.03593649	0.006259534	-5.741081	
RIRL	862272	914244	-0.02925501	-0.02925501	0.005626278	-5.19971	
RIRL	860144	922613	-0.03504067	-0.03504067	0.005602544	-6.254422	
RIRL	846188	942627	-0.05391223	-0.05391223	0.006025373	-8.947533	
RIRL	860543	923043	-0.03504176	-0.03504176	0.005997511	-5.842718	
RIRL	855909	911564	-0.03148846	-0.03148846	0.005890243	-5.345867	
RIRL	862814	923236	-0.03382996	-0.03382996	0.005836029	-5.796743	
RIRL	904521	855663	0.02775733	0.02775733	0.006468936	4.290864	
RIRL	904008	862273	0.02362874	0.02362874	0.006546139	3.609569	
RIRL	903366	868615	0.01961138	0.01961138	0.006630953	2.957551	
RIRL	901882	855302	0.02650832	0.02650832	0.006173811	4.293673	
RIRL	898738	862665	0.0204797	0.0204797	0.006222716	3.291119	
RIRL	885652	884051	0.0009046716	0.0009046716	0.006678337	0.1354636	
RIRL	898361	861434	0.02098369	0.02098369	0.00644077	3.257948	
RIRL	899614	856437	0.02458755	0.02458755	0.006428346	3.824865	
RIRL	902255	863907	0.02171262	0.02171262	0.006306878	3.442689	
RIRL	908283	854255	0.03065352	0.03065352	0.006276539	4.883826	
RIRL	909423	862526	0.02646634	0.02646634	0.006535314	4.049742	
RIRL	905507	865541	0.0225663	0.0225663	0.006472914	3.486266	
RIRL	905905	853815	0.0296013	0.0296013	0.006045144	4.896707	
RIRL	903403	861627	0.02366872	0.02366872	0.006094085	3.883884	
RIRL	892679	885018	0.004309508	0.004309508	0.006555819	0.6573562	
RIRL	899103	857191	0.02386389	0.02386389	0.00629732	3.789531	
RIRL	903717	855329	0.02750809	0.02750809	0.006571493	4.185973	
RIRL	905355	861243	0.02497003	0.02497003	0.006266359	3.984774	
RIRL	892943	877276	0.008850317	0.008850317	0.006106519	1.449323	
RIRL	895509	887010	0.004767972	0.004767972	0.006306167	0.7560808	
RIRL	889436	887730	0.0009599553	0.0009599553	0.006239485	0.1538517	
RIRL	889671	876213	0.007621112	0.007621112	0.005742382	1.327169	
RIRL	887171	883766	0.001922711	0.001922711	0.005755895	0.334042	
RIRL	875535	906445	-0.01734587	-0.01734587	0.006358216	-2.728104	
RIRL	886893	883562	0.001881437	0.001881437	0.006168774	0.3049937	
RIRL	890172	880095	0.005692362	0.005692362	0.006278726	0.9066109	
RIRL	892306	886922	0.003026032	0.003026032	0.006122081	0.4942815	
RIRL	910155	865357	0.02523103	0.02523103	0.006098542	4.137224	
RIRL	910613	872922	0.02113275	0.02113275	0.006279607	3.365298	
RIRL	907323	876442	0.01731226	0.01731226	0.006437205	2.689406	
RIRL	907454	864304	0.02435434	0.02435434	0.005822203	4.183012	
RIRL	906366	873632	0.01838991	0.01838991	0.005880398	3.127324	
RIRL	890782	891447	-0.0003731283	-0.0003731283	0.006364083	-0.05863033	
RIRL	904570	871973	0.01834856	0.01834856	0.006182472	2.967835	
RIRL	904494	864799	0.02243552	0.02243552	0.006250856	3.589191	
RIRL	909319	874329	0.0196171	0.0196171	0.006143083	3.193364	
RIRL	908391	864636	0.02467814	0.02467814	0.006292865	3.921606	
RIRL	905784	883363	0.01253167	0.01253167	0.006451947	1.942308	
RIRL	897467	885261	0.00684681	0.00684681	0.006359753	1.076584	
RIRL	899676	879455	0.01136566	0.01136566	0.005973808	1.902582	
RIRL	897137	880946	0.009105874	0.009105874	0.005885046	1.54729	
RIRL	887219	889473	-0.00126865	-0.00126865	0.006308522	-0.201101	
RIRL	899101	872870	0.01480329	0.01480329	0.006284901	2.355373	
RIRL	898461	874715	0.01339179	0.01339179	0.006298193	2.126291	
RIRL	902867	873460	0.01655495	0.01655495	0.006168573	2.683756	
RIRL	923232	860181	0.03535412	0.03535412	0.006176893	5.723609	
RIRL	923634	882252	0.02291507	0.02291507	0.00646614	3.543856	
RIRL	916216	884833	0.01742485	0.01742485	0.006479657	2.689162	
RIRL	916423	877197	0.02186974	0.02186974	0.006036575	3.622872	
RIRL	913311	877695	0.01988603	0.01988603	0.005963826	3.334442	
RIRL	905785	887773	0.01004261	0.01004261	0.006401619	1.568761	
RIRL	913871	869083	0.02512011	0.02512011	0.006284614	3.997081	
RIRL	913134	870421	0.02394824	0.02394824	0.006311397	3.794443	
RIRL	921842	872568	0.02745972	0.02745972	0.006206248	4.424528	
RIRL	876937	911752	-0.01946398	-0.01946398	0.005806878	-3.351883	
RIRL	873203	929921	-0.03145541	-0.03145541	0.006029062	-5.217297	
RIRL	869514	935379	-0.03649247	-0.03649247	0.006029112	-6.05271	
RIRL	867027	925229	-0.03247416	-0.03247416	0.005573479	-5.82655	
RIRL	868017	929901	-0.03441981	-0.03441981	0.005560499	-6.190058	
RIRL	860035	939114	-0.04395356	-0.04395356	0.005856652	-7.504895	
RIRL	868283	921264	-0.02960582	-0.02960582	0.005838546	-5.070752	
RIRL	864306	918758	-0.03053844	-0.03053844	0.005756681	-5.30487	
RIRL	875031	922888	-0.026618	-0.026618	0.005839487	-4.558276	
RIRL	858596	908290	-0.02812519	-0.02812519	0.005978944	-4.704039	
RIRL	855279	925939	-0.03966948	-0.03966948	0.006169599	-6.429832	
RIRL	853523	934688	-0.04538894	-0.04538894	0.006110988	-7.42743	
RIRL	847533	921010	-0.04154663	-0.04154663	0.005699825	-7.289106	
RIRL	846673	924087	-0.04371795	-0.04371795	0.005622216	-7.775929	
RIRL	841703	937028	-0.05359158	-0.05359158	0.005942602	-9.018201	
RIRL	849572	917673	-0.03853512	-0.03853512	0.006021321	-6.399778	
RIRL	845549	915583	-0.03976647	-0.03976647	0.005928317	-6.707885	
RIRL	854769	919601	-0.03653804	-0.03653804	0.005887451	-6.206088	
RIRL	872972	909515	-0.02050113	-0.02050113	0.005859724	-3.498652	
RIRL	869598	927797	-0.03237964	-0.03237964	0.006126455	-5.285216	
RIRL	868271	936393	-0.03774775	-0.03774775	0.006109681	-6.17835	
RIRL	862428	922380	-0.03359017	-0.03359017	0.005645071	-5.950354	
RIRL	862964	926626	-0.03557351	-0.03557351	0.005627328	-6.321563	
RIRL	854319	934695	-0.04492754	-0.04492754	0.00590504	-7.608339	
RIRL	865896	920376	-0.03049927	-0.03049927	0.00593446	-5.139351	
RIRL	857536	913159	-0.03141309	-0.03141309	0.005785096	-5.430003	
RIRL	870531	920048	-0.02765418	-0.02765418	0.005891538	-4.693882	
RIRL	913477	847780	0.0373012	0.0373012	0.006467453	5.767526	
RIRL	907585	863281	0.02501827	0.02501827	0.00653937	3.825792	
RIRL	905017	871148	0.01906861	0.01906861	0.00662033	2.880311	
RIRL	902350	860574	0.02369699	0.02369699	0.006194851	3.825273	
RIRL	901256	863502	0.0213933	0.0213933	0.006178423	3.462583	
RIRL	896050	875617	0.01153321	0.01153321	0.006594134	1.74901	
RIRL	905192	857167	0.02725041	0.02725041	0.0064818	4.204142	
RIRL	903789	857561	0.02624578	0.02624578	0.006440608	4.075047	
RIRL	910411	858500	0.0293463	0.0293463	0.00638368	4.597083	
RIRL	913996	851243	0.03554929	0.03554929	0.006354795	5.59409	
RIRL	908425	866950	0.02336126	0.02336126	0.006426711	3.635026	
RIRL	903396	872328	0.01749596	0.01749596	0.006418833	2.725723	
RIRL	903038	863964	0.02211316	0.02211316	0.006127599	3.608781	
RIRL	902752	867288	0.02003571	0.02003571	0.006111016	3.278621	
RIRL	898568	880199	0.01032682	0.01032682	0.006467203	1.596798	
RIRL	902490	857639	0.02548166	0.02548166	0.006282601	4.055909	
RIRL	903374	859781	0.02472443	0.02472443	0.006434899	3.842241	
RIRL	909960	860165	0.02813078	0.02813078	0.006360752	4.422556	
RIRL	914311	863612	0.02851586	0.02851586	0.006123089	4.657103	
RIRL	910749	881673	0.01622163	0.01622163	0.006310123	2.570731	
RIRL	902543	883904	0.01043356	0.01043356	0.006213807	1.679093	
RIRL	902850	876043	0.01506948	0.01506948	0.005890044	2.558467	
RIRL	903787	880609	0.01298927	0.01298927	0.005855973	2.218123	
RIRL	898174	892006	0.003445464	0.003445464	0.006351397	0.5424734	
RIRL	906343	873717	0.0183286	0.0183286	0.006178028	2.966739	
RIRL	904288	873189	0.01749615	0.01749615	0.006196489	2.823558	
RIRL	912665	875418	0.02083069	0.02083069	0.006197608	3.361085	
RIRL	924571	856787	0.03805187	0.03805187	0.006255353	6.083089	
RIRL	918624	872378	0.0258213	0.0258213	0.006405483	4.031125	
RIRL	913566	877425	0.02017933	0.02017933	0.006439293	3.13378	
RIRL	913776	869351	0.0249141	0.0249141	0.006075676	4.10063	
RIRL	914701	874132	0.02267903	0.02267903	0.006006675	3.775638	
RIRL	907019	882538	0.01367992	0.01367992	0.006367847	2.148281	
RIRL	916486	866443	0.02806786	0.02806786	0.006291631	4.461142	
RIRL	910321	861492	0.02755878	0.02755878	0.006196621	4.447388	
RIRL	921557	866638	0.03071197	0.03071197	0.006246262	4.916857	
RIRL	912055	866550	0.02558466	0.02558466	0.006431745	3.977872	
RIRL	911102	882466	0.01596594	0.01596594	0.006435403	2.480954	
RIRL	900936	892335	0.004796263	0.004796263	0.006551108	0.7321301	
RIRL	904733	879611	0.01407912	0.01407912	0.006039544	2.331157	
RIRL	900330	885616	0.008238771	0.008238771	0.006009307	1.371002	
RIRL	889422	895610	-0.003466605	-0.003466605	0.006402309	-0.5414616	
RIRL	901810	876338	0.01432502	0.01432502	0.006407324	2.235725	
RIRL	906376	871482	0.01962699	0.01962699	0.006379256	3.076689	
RIRL	908215	873458	0.01950807	0.01950807	0.006240252	3.126167	
RIRL	927068	863561	0.03546631	0.03546631	0.006335142	5.598345	
RIRL	928502	882284	0.02552372	0.02552372	0.006447888	3.958462	
RIRL	917677	890986	0.01475731	0.01475731	0.006600141	2.235908	
RIRL	921769	878526	0.02401995	0.02401995	0.006106514	3.933497	
RIRL	916861	883462	0.01855167	0.01855167	0.006099827	3.041344	
RIRL	907457	894875	0.006980956	0.006980956	0.006495206	1.074786	
RIRL	916267	873266	0.02402917	0.02402917	0.006406221	3.750913	
RIRL	920321	867517	0.02953511	0.02953511	0.006336485	4.66112	
RIRL	925963	872507	0.02972304	0.02972304	0.006230598	4.770496	
RIRL	874983	919835	-0.02498972	-0.02498972	0.005935816	-4.209989	
RIRL	870688	933204	-0.03465618	-0.03465618	0.005953869	-5.820783	
RIRL	864780	946423	-0.04507667	-0.04507667	0.006106482	-7.381774	
RIRL	864082	929225	-0.03632563	-0.03632563	0.005531861	-6.566619	
RIRL	863455	938617	-0.04170866	-0.04170866	0.005548923	-7.516531	
RIRL	855348	950845	-0.05287198	-0.05287198	0.005864992	-9.014843	
RIRL	864113	929703	-0.03656451	-0.03656451	0.00593633	-6.159446	
RIRL	865810	920850	-0.03080609	-0.03080609	0.005781282	-5.328591	
RIRL	871803	926395	-0.03035928	-0.03035928	0.005794693	-5.239153	
RIRL	860656	913585	-0.02983191	-0.02983191	0.006067852	-4.916388	
RIRL	857156	926971	-0.03913118	-0.03913118	0.006111825	-6.402536	
RIRL	853480	943164	-0.04991751	-0.04991751	0.006216549	-8.029779	
RIRL	849170	922707	-0.04150232	-0.04150232	0.005672952	-7.315823	
RIRL	847480	931073	-0.04700057	-0.04700057	0.005645944	-8.32466	
RIRL	841329	945705	-0.05840739	-0.05840739	0.005976639	-9.772616	
RIRL	850039	923413	-0.04137355	-0.04137355	0.006120045	-6.760334	
RIRL	851275	914882	-0.03601435	-0.03601435	0.00595863	-6.044066	
RIRL	855945	920240	-0.03619837	-0.03619837	0.005845689	-6.192319	
RIRL	869249	919220	-0.02794066	-0.02794066	0.005931605	-4.710472	
RIRL	864520	931826	-0.03746828	-0.03746828	0.005989162	-6.256014	
RIRL	861993	949048	-0.04806904	-0.04806904	0.006198086	-7.755464	
RIRL	857881	928054	-0.03929202	-0.03929202	0.005586355	-7.03357	
RIRL	856853	937062	-0.04471171	-0.04471171	0.005585274	-8.005285	
RIRL	848063	948226	-0.05576107	-0.05576107	0.005903115	-9.446042	
RIRL	860446	930650	-0.03919611	-0.03919611	0.006001348	-6.531218	
RIRL	857074	916730	-0.03363168	-0.03363168	0.005822166	-5.776488	
RIRL	866279	925786	-0.03320583	-0.03320583	0.00583514	-5.690665	
RIRL	918356	851151	0.03797951	0.03797951	0.006586817	5.765988	
RIRL	914753	864938	0.02799081	0.02799081	0.006589075	4.248064	
RIRL	908667	878204	0.01704824	0.01704824	0.006741821	2.528729	
RIRL	908774	862548	0.02609689	0.02609689	0.006261889	4.167575	
RIRL	905572	869409	0.02037374	0.02037374	0.006282606	3.24288	
RIRL	899706	883589	0.009037764	0.009037764	0.006671547	1.354673	
RIRL	908729	861533	0.02666046	0.02666046	0.006584286	4.049105	
RIRL	912619	855476	0.03231896	0.03231896	0.006525333	4.952845	
RIRL	916498	859671	0.03199414	0.03199414	0.006441305	4.967028	
RIRL	910694	857955	0.02981881	0.02981881	0.006445928	4.625991	
RIRL	907714	871942	0.02010051	0.02010051	0.006442323	3.120073	
RIRL	898909	882577	0.009167627	0.009167627	0.006547972	1.400071	
RIRL	900996	868696	0.01825176	0.01825176	0.006117195	2.983682	
RIRL	898811	876486	0.01257536	0.01257536	0.006173577	2.036965	
RIRL	892586	890118	0.001384414	0.001384414	0.006482637	0.2135572	
RIRL	898794	865955	0.01860831	0.01860831	0.006391157	2.911572	
RIRL	903954	860714	0.02450319	0.02450319	0.00648769	3.776875	
RIRL	906668	863368	0.02446278	0.02446278	0.006332001	3.863357	
RIRL	913729	869247	0.02494818	0.02494818	0.006250752	3.991228	
RIRL	911553	884431	0.01510147	0.01510147	0.006258005	2.413145	
RIRL	901165	893135	0.004475283	0.004475283	0.006347681	0.7050264	
RIRL	904330	880247	0.01349507	0.01349507	0.005938578	2.272442	
RIRL	902454	888375	0.007861722	0.007861722	0.005973766	1.316041	
RIRL	895047	900836	-0.003223484	-0.003223484	0.006370016	-0.5060402	
RIRL	904496	880487	0.01345055	0.01345055	0.0062757	2.143275	
RIRL	907811	873536	0.01924106	0.01924106	0.006200093	3.10335	
RIRL	913307	878701	0.0193113	0.0193113	0.006231738	3.098862	
RIRL	925676	862239	0.03548099	0.03548099	0.006443584	5.506406	
RIRL	920743	874769	0.02560495	0.02560495	0.006399124	4.001321	
RIRL	913271	886145	0.01507489	0.01507489	0.006629994	2.273741	
RIRL	915816	872300	0.02433623	0.02433623	0.006148122	3.958319	
RIRL	915034	881643	0.01858487	0.01858487	0.006179507	3.0075	
RIRL	905629	891347	0.007947797	0.007947797	0.00651869	1.219232	
RIRL	916329	873254	0.02406985	0.02406985	0.006484317	3.712011	
RIRL	916154	862288	0.03028831	0.03028831	0.00638949	4.740333	
RIRL	923366	868963	0.03035324	0.03035324	0.006368587	4.766087	
RIRL	907799	862161	0.02578476	0.02578476	0.006187034	4.167549	
RIRL	906790	875711	0.01743561	0.01743561	0.006237144	2.795449	
RIRL	896349	881324	0.008452061	0.008452061	0.006235809	1.355407	
RIRL	902164	870445	0.01789396	0.01789396	0.005826884	3.070932	
RIRL	898090	875642	0.0126558	0.0126558	0.005760519	2.19699	
RIRL	887466	887483	-9.57774e-06	-9.57774e-06	0.006160195	-0.001554779	
RIRL	898398	869944	0.01609078	0.01609078	0.006218149	2.587712	
RIRL	899309	867631	0.01792817	0.01792817	0.006163596	2.908719	
RIRL	904581	866390	0.02156501	0.02156501	0.005995122	3.597092	
RIRL	917829	859535	0.03279801	0.03279801	0.005969218	5.494523	
RIRL	919674	876186	0.0242157	0.0242157	0.006185814	3.914715	
RIRL	910263	882425	0.01552864	0.01552864	0.006253275	2.483281	
RIRL	914523	870260	0.02480021	0.02480021	0.005764269	4.302404	
RIRL	910078	874878	0.01972037	0.01972037	0.005758342	3.424662	
RIRL	901373	887460	0.007777696	0.007777696	0.006188226	1.256854	
RIRL	908703	868194	0.02279761	0.02279761	0.006132358	3.717593	
RIRL	910155	866151	0.02477276	0.02477276	0.006063425	4.085605	
RIRL	919066	867462	0.02888508	0.02888508	0.005903451	4.892914	
RIRL	872346	912310	-0.02239311	-0.02239311	0.005679675	-3.942675	
RIRL	869046	924067	-0.03068463	-0.03068463	0.005783909	-5.305171	
RIRL	864589	934317	-0.03876134	-0.03876134	0.005886434	-6.584859	
RIRL	865103	918794	-0.03009759	-0.03009759	0.00535342	-5.622124	
RIRL	864260	926835	-0.03493673	-0.03493673	0.005426674	-6.437963	
RIRL	855886	939657	-0.04665497	-0.04665497	0.005667953	-8.231362	
RIRL	862645	920538	-0.0324661	-0.0324661	0.005769594	-5.627103	
RIRL	861949	915494	-0.03012474	-0.03012474	0.005612015	-5.3679	
RIRL	871162	917070	-0.02567228	-0.02567228	0.005590069	-4.592481	
RIRL	856663	908250	-0.0292292	-0.0292292	0.005836046	-5.008391	
RIRL	854056	920002	-0.0371724	-0.0371724	0.005922611	-6.276354	
RIRL	849933	932053	-0.04608341	-0.04608341	0.005936307	-7.762977	
RIRL	848054	913746	-0.03728687	-0.03728687	0.005466759	-6.820652	
RIRL	845831	920625	-0.04234128	-0.04234128	0.005460367	-7.754291	
RIRL	840033	936841	-0.0544822	-0.0544822	0.005752625	-9.470841	
RIRL	847324	916689	-0.03932227	-0.03932227	0.005926736	-6.634727	
RIRL	845978	911735	-0.03741054	-0.03741054	0.005810531	-6.438404	
RIRL	853668	913121	-0.03365031	-0.03365031	0.005673441	-5.9312	
RIRL	869143	910680	-0.02333771	-0.02333771	0.005702135	-4.092803	
RIRL	865354	921801	-0.03158484	-0.03158484	0.005833872	-5.414044	
RIRL	863096	935042	-0.04001139	-0.04001139	0.005921886	-6.756528	
RIRL	861114	916580	-0.0312011	-0.0312011	0.005435521	-5.740221	
RIRL	859862	924148	-0.03603455	-0.03603455	0.005457795	-6.602401	
RIRL	850163	935376	-0.04772396	-0.04772396	0.005697467	-8.376347	
RIRL	861042	920168	-0.03319429	-0.03319429	0.005830587	-5.69313	
RIRL	855640	910499	-0.03106154	-0.03106154	0.005662904	-5.48509	
RIRL	867716	915389	-0.02673595	-0.02673595	0.005654937	-4.727894	
RIRL	907612	848815	0.03347535	0.03347535	0.006228257	5.374753	
RIRL	904805	861048	0.02477953	0.02477953	0.006322562	3.919222	
RIRL	900070	872657	0.01546375	0.01546375	0.006443429	2.399925	
RIRL	900416	856037	0.02526626	0.02526626	0.005948819	4.247273	
RIRL	897056	861946	0.01996018	0.01996018	0.005942712	3.358767	
RIRL	891283	877790	0.007627158	0.007627158	0.006391109	1.193401	
RIRL	899212	858124	0.02338084	0.02338084	0.006292048	3.715935	
RIRL	900326	854811	0.02593245	0.02593245	0.006253591	4.146809	
RIRL	907604	855609	0.02948878	0.02948878	0.006122592	4.816388	
RIRL	907444	852437	0.03125609	0.03125609	0.006192526	5.04739	
RIRL	904775	864676	0.02266183	0.02266183	0.006211372	3.648442	
RIRL	898547	874615	0.01349679	0.01349679	0.00631294	2.137957	
RIRL	898778	857734	0.02336676	0.02336676	0.005834235	4.005112	
RIRL	896822	865063	0.01802558	0.01802558	0.005887616	3.061609	
RIRL	892779	882612	0.005726626	0.005726626	0.006244768	0.9170278	
RIRL	896405	859398	0.02107697	0.02107697	0.006177942	3.411649	
RIRL	899072	857222	0.02382858	0.02382858	0.006249472	3.812895	
RIRL	906028	857500	0.02751757	0.02751757	0.006136791	4.484032	
RIRL	907226	864605	0.02405478	0.02405478	0.005922953	4.061281	
RIRL	907004	879444	0.01542726	0.01542726	0.006059055	2.54615	
RIRL	897564	886446	0.006232028	0.006232028	0.006092203	1.022951	
RIRL	899806	871401	0.01603709	0.01603709	0.005632475	2.847254	
RIRL	898018	878677	0.01088594	0.01088594	0.005636111	1.931464	
RIRL	891540	893775	-0.00125188	-0.00125188	0.006097581	-0.2053076	
RIRL	898733	874294	0.01378377	0.01378377	0.005995466	2.299033	
RIRL	900409	871108	0.01654006	0.01654006	0.005970621	2.770241	
RIRL	908323	872223	0.02027468	0.02027468	0.005920808	3.42431	
RIRL	915577	861118	0.03065186	0.03065186	0.006101403	5.023739	
RIRL	911378	871639	0.0222875	0.0222875	0.006134281	3.633271	
RIRL	905040	881289	0.01329598	0.01329598	0.006350447	2.093708	
RIRL	908109	867273	0.02300125	0.02300125	0.005811705	3.957745	
RIRL	906753	875219	0.01769613	0.01769613	0.00582484	3.038045	
RIRL	897863	886770	0.006215844	0.006215844	0.006191493	1.003933	
RIRL	907466	870713	0.0206689	0.0206689	0.006179315	3.344852	
RIRL	903564	861859	0.02362323	0.02362323	0.00601755	3.925723	
RIRL	914887	866400	0.02722021	0.02722021	0.006026444	4.516794	
RIRL	903803	876153	0.01553409	0.01553409	0.006306089	2.463348	
RIRL	905724	885965	0.01102814	0.01102814	0.006469826	1.70455	
RIRL	898957	883463	0.008692676	0.008692676	0.006493559	1.338661	
RIRL	903885	873865	0.01688651	0.01688651	0.005994287	2.817101	
RIRL	898698	882972	0.00882655	0.00882655	0.005977568	1.476612	
RIRL	882980	896358	-0.007518527	-0.007518527	0.006355082	-1.183073	
RIRL	897647	879172	0.0103978	0.0103978	0.006308521	1.648214	
RIRL	899944	876385	0.01326275	0.01326275	0.006342627	2.091049	
RIRL	898803	879725	0.01072685	0.01072685	0.00613733	1.747804	
RIRL	917184	872768	0.02481407	0.02481407	0.006150253	4.034643	
RIRL	920453	884222	0.02007619	0.02007619	0.006423272	3.125539	
RIRL	915357	883074	0.01795065	0.01795065	0.006563273	2.735015	
RIRL	918595	872196	0.02590978	0.02590978	0.005965762	4.343079	
RIRL	912759	880006	0.01826954	0.01826954	0.005936714	3.077383	
RIRL	901559	896892	0.002595011	0.002595011	0.006503931	0.3989912	
RIRL	909333	874839	0.01933334	0.01933334	0.006273811	3.081594	
RIRL	912021	872155	0.02234421	0.02234421	0.006288178	3.553368	
RIRL	915451	879274	0.02015741	0.02015741	0.006168029	3.268047	
RIRL	876892	923945	-0.02612841	-0.02612841	0.005927502	-4.407996	
RIRL	875332	930970	-0.03080216	-0.03080216	0.006016017	-5.120025	
RIRL	874546	933829	-0.03278247	-0.03278247	0.006197753	-5.289412	
RIRL	873620	918356	-0.02496462	-0.02496462	0.005529425	-4.514867	
RIRL	870607	929163	-0.03253527	-0.03253527	0.005523478	-5.890359	
RIRL	859357	946150	-0.04807126	-0.04807126	0.005905907	-8.139522	
RIRL	869257	926525	-0.03189029	-0.03189029	0.005944009	-5.365113	
RIRL	868138	919258	-0.02860027	-0.02860027	0.005876613	-4.866794	
RIRL	871908	926672	-0.03044846	-0.03044846	0.005779249	-5.268585	
RIRL	853445	921500	-0.03834203	-0.03834203	0.006033135	-6.355242	
RIRL	852153	927913	-0.04256022	-0.04256022	0.0060988	-6.978458	
RIRL	852600	933030	-0.04504293	-0.04504293	0.006163799	-7.307656	
RIRL	849079	915135	-0.03744217	-0.03744217	0.005607975	-6.676594	
RIRL	845216	925269	-0.04521529	-0.04521529	0.00556849	-8.119848	
RIRL	836338	945145	-0.06107664	-0.06107664	0.005998742	-10.18157	
RIRL	845075	923130	-0.04414364	-0.04414364	0.006054281	-7.291309	
RIRL	844511	917030	-0.04116793	-0.04116793	0.005996848	-6.864929	
RIRL	847354	924903	-0.0437572	-0.0437572	0.005825604	-7.511187	
RIRL	873294	922650	-0.02748193	-0.02748193	0.006017195	-4.567232	
RIRL	871670	929677	-0.03220201	-0.03220201	0.006159566	-5.227968	
RIRL	872175	934540	-0.03451845	-0.03451845	0.006294749	-5.48369	
RIRL	868627	915659	-0.026359	-0.026359	0.005668533	-4.650057	
RIRL	866181	927212	-0.03403102	-0.03403102	0.005669722	-6.002239	
RIRL	852861	941825	-0.04957079	-0.04957079	0.00599225	-8.272484	
RIRL	866682	925918	-0.03304474	-0.03304474	0.00605394	-5.458385	
RIRL	862508	915362	-0.02972883	-0.02972883	0.00592025	-5.02155	
RIRL	867974	925045	-0.03182956	-0.03182956	0.005851088	-5.439938	
RIRL	904658	863922	0.02303317	0.02303317	0.006455551	3.567963	
RIRL	904373	871967	0.01824313	0.01824313	0.006554682	2.783221	
RIRL	903712	876420	0.01533145	0.01533145	0.006735068	2.276361	
RIRL	903704	861248	0.02405505	0.02405505	0.006180782	3.891909	
RIRL	899000	870496	0.01610854	0.01610854	0.006183253	2.605189	
RIRL	888307	888929	-0.0003499817	-0.0003499817	0.006681722	-0.05237896	
RIRL	899372	868152	0.01766313	0.01766313	0.006467824	2.730922	
RIRL	900821	863968	0.02088238	0.02088238	0.006509246	3.208111	
RIRL	903246	870700	0.01834667	0.01834667	0.006407076	2.863501	
RIRL	908928	862870	0.02599506	0.02599506	0.006266214	4.148448	
RIRL	909711	871927	0.02120745	0.02120745	0.006476471	3.274538	
RIRL	905604	872591	0.01856546	0.01856546	0.006561595	2.829412	
RIRL	907486	859061	0.02741223	0.02741223	0.006029704	4.546199	
RIRL	903503	869007	0.01946167	0.01946167	0.00601612	3.23492	
RIRL	895309	889398	0.003312028	0.003312028	0.006515671	0.5083173	
RIRL	900891	864564	0.02057657	0.02057657	0.006334126	3.248525	
RIRL	904368	862035	0.02396565	0.02396565	0.006504174	3.684657	
RIRL	905399	867233	0.0215307	0.0215307	0.00630086	3.417104	
RIRL	903815	882468	0.01195051	0.01195051	0.006269193	1.906229	
RIRL	903824	890890	0.007206719	0.007206719	0.006392994	1.127284	
RIRL	898128	890080	0.004500595	0.004500595	0.006369651	0.7065686	
RIRL	899933	876517	0.01318134	0.01318134	0.005871962	2.244794	
RIRL	896403	886774	0.005399913	0.005399913	0.005872117	0.9195854	
RIRL	887511	906941	-0.01082782	-0.01082782	0.006515333	-1.661898	
RIRL	897036	885857	0.006270146	0.006270146	0.006302142	0.9949231	
RIRL	899470	881814	0.009911951	0.009911951	0.006301444	1.572965	
RIRL	901344	888283	0.007298169	0.007298169	0.006201369	1.176864	
RIRL	916457	872935	0.02432223	0.02432223	0.006239989	3.8978	
RIRL	915716	880593	0.01955287	0.01955287	0.006391413	3.059241	
RIRL	912253	881818	0.01696421	0.01696421	0.006584044	2.576564	
RIRL	913729	867621	0.02588374	0.02588374	0.005954679	4.34679	
RIRL	911962	880066	0.01779883	0.01779883	0.005982267	2.975265	
RIRL	898022	893975	0.002258374	0.002258374	0.006450527	0.3501069	
RIRL	910027	876407	0.01881961	0.01881961	0.006309292	2.982841	
RIRL	908836	868718	0.02256922	0.02256922	0.006268502	3.600416	
RIRL	913829	878037	0.01997471	0.01997471	0.006204432	3.219426	
RIRL	908628	864578	0.02484201	0.02484201	0.006279602	3.955985	
RIRL	905338	884783	0.01148246	0.01148246	0.006432846	1.784974	
RIRL	896371	886633	0.005461569	0.005461569	0.006293035	0.8678753	
RIRL	902161	878171	0.01347501	0.01347501	0.005903776	2.28244	
RIRL	897797	883463	0.008047113	0.008047113	0.005844864	1.376784	
RIRL	887180	890419	-0.001822121	-0.001822121	0.006253456	-0.2913782	
RIRL	900808	873942	0.01513791	0.01513791	0.006304048	2.4013	
RIRL	901169	873446	0.01562198	0.01562198	0.006300913	2.47932	
RIRL	903868	874005	0.01679704	0.01679704	0.006119782	2.744712	
RIRL	923744	861049	0.03512732	0.03512732	0.006216638	5.650534	
RIRL	922475	883664	0.02148838	0.02148838	0.006467593	3.32247	
RIRL	914141	885786	0.01575342	0.01575342	0.006431814	2.449296	
RIRL	918340	876046	0.02357018	0.02357018	0.006015232	3.918416	
RIRL	914190	881110	0.01842589	0.01842589	0.005968945	3.086959	
RIRL	905908	889464	0.009159105	0.009159105	0.006380698	1.435439	
RIRL	914782	870066	0.02505311	0.02505311	0.006299322	3.977113	
RIRL	915724	869640	0.0258121	0.0258121	0.006314814	4.087547	
RIRL	922404	873425	0.02727375	0.02727375	0.006188973	4.40683	
RIRL	876822	914050	-0.02078764	-0.02078764	0.005787955	-3.591534	
RIRL	871689	932715	-0.03382059	-0.03382059	0.005991111	-5.645128	
RIRL	866979	938336	-0.03952607	-0.03952607	0.005953182	-6.639485	
RIRL	867518	924770	-0.03194353	-0.03194353	0.005479919	-5.829197	
RIRL	866665	933216	-0.03697522	-0.03697522	0.005471224	-6.758126	
RIRL	859384	942364	-0.04605528	-0.04605528	0.005760812	-7.99458	
RIRL	867671	922845	-0.03081458	-0.03081458	0.005834953	-5.281034	
RIRL	866655	919600	-0.02964022	-0.02964022	0.005787371	-5.121536	
RIRL	874055	924416	-0.02800212	-0.02800212	0.005801844	-4.826417	
RIRL	856773	910484	-0.0303923	-0.0303923	0.005897411	-5.153498	
RIRL	852096	928995	-0.04317522	-0.04317522	0.0061142	-7.061467	
RIRL	849267	937486	-0.04937392	-0.04937392	0.006022649	-8.19804	
RIRL	846942	921273	-0.04203731	-0.04203731	0.005613498	-7.488613	
RIRL	844949	928474	-0.04709818	-0.04709818	0.005542873	-8.49707	
RIRL	839637	940165	-0.05648269	-0.05648269	0.005894324	-9.582556	
RIRL	847738	919464	-0.04058732	-0.04058732	0.005977069	-6.790506	
RIRL	846257	916371	-0.0397781	-0.0397781	0.005923094	-6.715765	
RIRL	853294	921835	-0.03861184	-0.03861184	0.005845209	-6.605724	
RIRL	869911	914476	-0.02497496	-0.02497496	0.005801952	-4.30458	
RIRL	864378	932642	-0.03798733	-0.03798733	0.005998862	-6.332423	
RIRL	862418	941248	-0.04370543	-0.04370543	0.006016217	-7.264603	
RIRL	860111	924559	-0.036112	-0.036112	0.005530093	-6.530088	
RIRL	858789	932816	-0.04131882	-0.04131882	0.005500091	-7.512388	
RIRL	850414	940259	-0.05017387	-0.05017387	0.005809063	-8.637171	
RIRL	862502	924676	-0.03478892	-0.03478892	0.005905019	-5.891416	
RIRL	856301	916206	-0.03379676	-0.03379676	0.005807774	-5.819228	
RIRL	866981	924653	-0.03218961	-0.03218961	0.0058346	-5.517021	
RIRL	915411	847020	0.03880492	0.03880492	0.00637418	6.08783	
RIRL	910701	866155	0.02507012	0.02507012	0.006575999	3.812367	
RIRL	906936	874030	0.01847649	0.01847649	0.006600208	2.79938	
RIRL	906951	859207	0.02703269	0.02703269	0.00614513	4.399043	
RIRL	904195	866059	0.02154267	0.02154267	0.006136774	3.510423	
RIRL	898076	876602	0.01210022	0.01210022	0.006534121	1.851852	
RIRL	907688	857098	0.02866637	0.02866637	0.006425182	4.461565	
RIRL	909362	857050	0.02961484	0.02961484	0.006511491	4.548088	
RIRL	914160	859702	0.03070025	0.03070025	0.006403061	4.79462	
RIRL	909625	854470	0.03126532	0.03126532	0.006254031	4.999228	
RIRL	904900	873427	0.01769809	0.01769809	0.006395095	2.767448	
RIRL	899783	879512	0.01139271	0.01139271	0.006439249	1.769261	
RIRL	900279	865400	0.01975387	0.01975387	0.006012706	3.285355	
RIRL	898572	873170	0.0143373	0.0143373	0.006064662	2.364073	
RIRL	894196	885092	0.005116653	0.005116653	0.006382926	0.8016157	
RIRL	899322	861781	0.02131675	0.02131675	0.006222517	3.425744	
RIRL	901552	861918	0.02247501	0.02247501	0.006408793	3.506901	
RIRL	905607	863729	0.02366877	0.02366877	0.006250596	3.786641	
RIRL	913939	864527	0.02778349	0.02778349	0.006094209	4.559	
RIRL	910886	885367	0.0142068	0.0142068	0.006300075	2.25502	
RIRL	901890	887856	0.007841336	0.007841336	0.006177878	1.26926	
RIRL	904545	875611	0.01625363	0.01625363	0.00586015	2.773586	
RIRL	903375	883812	0.01094625	0.01094625	0.00585683	1.868972	
RIRL	896057	892890	0.001770315	0.001770315	0.006251482	0.2831833	
RIRL	905962	874585	0.01762211	0.01762211	0.006166945	2.857511	
RIRL	907100	873690	0.01876134	0.01876134	0.00621722	3.017641	
RIRL	913122	877397	0.01995232	0.01995232	0.006182509	3.22722	
RIRL	921492	862557	0.03303441	0.03303441	0.006267416	5.270818	
RIRL	914014	878601	0.01975494	0.01975494	0.006333881	3.118931	
RIRL	908804	884524	0.01353907	0.01353907	0.006464748	2.094293	
RIRL	911685	872502	0.02196126	0.02196126	0.006007073	3.655901	
RIRL	911101	881562	0.01647772	0.01647772	0.00600327	2.744791	
RIRL	902340	888874	0.007517806	0.007517806	0.006378856	1.178551	
RIRL	913463	872120	0.02315378	0.02315378	0.006321231	3.662859	
RIRL	910298	866762	0.02449889	0.02449889	0.006326641	3.872338	
RIRL	918129	872331	0.0255789	0.0255789	0.006321935	4.046056	
RIRL	904523	871640	0.0185135	0.0185135	0.006125313	3.022458	
RIRL	907041	881046	0.01453788	0.01453788	0.006338507	2.293581	
RIRL	897018	889614	0.00414411	0.00414411	0.006313196	0.6564203	
RIRL	902539	875286	0.01532941	0.01532941	0.005821422	2.633275	
RIRL	896611	884745	0.006661218	0.006661218	0.00584555	1.139536	
RIRL	881849	896986	-0.008509502	-0.008509502	0.006151068	-1.383419	
RIRL	896264	877385	0.01064416	0.01064416	0.006156938	1.728807	
RIRL	901679	874672	0.01520364	0.01520364	0.006190342	2.456026	
RIRL	902211	876403	0.01451017	0.01451017	0.005983544	2.425014	
RIRL	921293	868590	0.02944494	0.02944494	0.006056261	4.861901	
RIRL	924995	879556	0.02518022	0.02518022	0.006302266	3.995424	
RIRL	915739	888570	0.01505784	0.01505784	0.006422651	2.34449	
RIRL	920252	873299	0.02617879	0.02617879	0.005847898	4.476616	
RIRL	913858	881796	0.01785533	0.01785533	0.00589422	3.029295	
RIRL	902459	896465	0.003331992	0.003331992	0.006289034	0.5298098	
RIRL	912545	874512	0.02128248	0.02128248	0.006157794	3.456186	
RIRL	915911	869289	0.02611584	0.02611584	0.00615305	4.244373	
RIRL	921676	875216	0.02585576	0.02585576	0.006082003	4.251191	
RIRL	874517	922079	-0.0264734	-0.0264734	0.005679062	-4.661579	
RIRL	873306	928402	-0.03057987	-0.03057987	0.005837869	-5.238191	
RIRL	868640	940996	-0.03998373	-0.03998373	0.005921887	-6.751857	
RIRL	868424	921538	-0.02967326	-0.02967326	0.005307332	-5.590993	
RIRL	865635	933784	-0.03787278	-0.03787278	0.005417985	-6.990197	
RIRL	855123	948870	-0.05196639	-0.05196639	0.005655602	-9.18848	
RIRL	865145	927853	-0.03497383	-0.03497383	0.005706734	-6.128519	
RIRL	865669	918510	-0.02961642	-0.02961642	0.005639524	-5.251582	
RIRL	871968	925266	-0.02965557	-0.02965557	0.005614268	-5.282179	
RIRL	854803	918437	-0.03588572	-0.03588572	0.005810179	-6.176355	
RIRL	854241	924229	-0.03935293	-0.03935293	0.005981046	-6.579606	
RIRL	850684	939182	-0.04944392	-0.04944392	0.005987173	-8.258309	
RIRL	848624	918034	-0.03928887	-0.03928887	0.005458608	-7.197599	
RIRL	844323	928598	-0.04753455	-0.04753455	0.005521559	-8.6089	
RIRL	836033	946719	-0.06208716	-0.06208716	0.005773911	-10.75305	
RIRL	845365	923656	-0.04425668	-0.04425668	0.005867495	-7.542688	
RIRL	846169	915596	-0.03940764	-0.03940764	0.005795877	-6.799254	
RIRL	852423	923286	-0.03990688	-0.03990688	0.005696201	-7.005876	
RIRL	869361	920126	-0.02836847	-0.02836847	0.005706605	-4.971163	
RIRL	868778	926983	-0.03241244	-0.03241244	0.005921336	-5.47384	
RIRL	865815	942308	-0.0423052	-0.0423052	0.006029531	-7.016334	
RIRL	863230	919350	-0.03148246	-0.03148246	0.005416828	-5.811973	
RIRL	859760	930940	-0.03974982	-0.03974982	0.005501876	-7.224776	
RIRL	848435	945410	-0.05405985	-0.05405985	0.005715882	-9.457833	
RIRL	861573	926952	-0.0365547	-0.0365547	0.005797813	-6.304913	
RIRL	858531	913860	-0.03121715	-0.03121715	0.005692825	-5.483596	
RIRL	867317	923758	-0.03151236	-0.03151236	0.005695673	-5.532684	
RIRL	909486	857908	0.02918308	0.02918308	0.006261061	4.661044	
RIRL	909272	865031	0.0249343	0.0249343	0.006409712	3.890081	
RIRL	904320	878217	0.01464374	0.01464374	0.00647626	2.261141	
RIRL	905757	860186	0.02580548	0.02580548	0.006027769	4.281099	
RIRL	900853	870536	0.01711482	0.01711482	0.006102133	2.804727	
RIRL	890331	886079	0.002393592	0.002393592	0.006453279	0.3709109	
RIRL	902666	865371	0.02109402	0.02109402	0.006294654	3.3511	
RIRL	905817	859466	0.02625698	0.02625698	0.006305565	4.164096	
RIRL	909679	864258	0.02560463	0.02560463	0.006240175	4.103191	
RIRL	909252	859295	0.02824748	0.02824748	0.006151237	4.592163	
RIRL	910230	867521	0.02402417	0.02402417	0.006355338	3.780157	
RIRL	902547	878060	0.01375205	0.01375205	0.006370897	2.158574	
RIRL	904606	860558	0.02495406	0.02495406	0.005942517	4.19924	
RIRL	900546	871513	0.01638377	0.01638377	0.006056525	2.705143	
RIRL	893909	890525	0.0018964	0.0018964	0.006339934	0.2991198	
RIRL	900124	864418	0.02023528	0.02023528	0.006215857	3.255429	
RIRL	904724	859681	0.02552872	0.02552872	0.006355304	4.016916	
RIRL	908828	864479	0.02500921	0.02500921	0.006211165	4.026492	
RIRL	905757	875276	0.01711423	0.01711423	0.006025713	2.840199	
RIRL	907478	884265	0.01295554	0.01295554	0.006179996	2.096367	
RIRL	896966	891497	0.003057933	0.003057933	0.006089905	0.5021315	
RIRL	901014	876417	0.01383851	0.01383851	0.005726355	2.416635	
RIRL	897549	887898	0.005405369	0.005405369	0.005835011	0.9263684	
RIRL	887789	903923	-0.009004795	-0.009004795	0.006197242	-1.453033	
RIRL	898066	882216	0.008903084	0.008903084	0.006058657	1.469481	
RIRL	902518	877292	0.01417342	0.01417342	0.006130216	2.312059	
RIRL	906453	881872	0.01374526	0.01374526	0.006051472	2.271392	
RIRL	922086	866339	0.031171	0.031171	0.006150295	5.068213	
RIRL	920859	872552	0.02693582	0.02693582	0.006240638	4.316197	
RIRL	913260	882470	0.01714623	0.01714623	0.006391977	2.682461	
RIRL	917206	866623	0.02835642	0.02835642	0.00587681	4.825138	
RIRL	914407	879161	0.01965133	0.01965133	0.005961633	3.2963	
RIRL	902854	892476	0.005780553	0.005780553	0.006277284	0.9208685	
RIRL	914568	873556	0.02293577	0.02293577	0.006237747	3.676932	
RIRL	914480	863499	0.02867357	0.02867357	0.006229543	4.602837	
RIRL	921749	871213	0.02818576	0.02818576	0.006169281	4.568727	
RIRL	902541	864692	0.0214171	0.0214171	0.006046575	3.542021	
RIRL	903796	878621	0.01412408	0.01412408	0.006203618	2.276749	
RIRL	892695	888292	0.002472225	0.002472225	0.006306541	0.3920096	
RIRL	898938	871576	0.01545427	0.01545427	0.005725908	2.699007	
RIRL	895754	877769	0.01014083	0.01014083	0.005730788	1.769536	
RIRL	878593	896883	-0.01030146	-0.01030146	0.006198694	-1.661876	
RIRL	894653	871108	0.01333419	0.01333419	0.006098145	2.186598	
RIRL	896668	869593	0.01532899	0.01532899	0.006139977	2.496588	
RIRL	899427	871051	0.01602731	0.01602731	0.005895882	2.71839	
RIRL	919408	859575	0.03363326	0.03363326	0.005971804	5.63201	
RIRL	922545	875789	0.02599962	0.02599962	0.006293985	4.130868	
RIRL	911413	885221	0.01457837	0.01457837	0.00637661	2.286226	
RIRL	917742	868570	0.02752711	0.02752711	0.005808001	4.739515	
RIRL	913322	873186	0.02246617	0.02246617	0.005837546	3.848565	
RIRL	899355	894706	0.002591328	0.002591328	0.006371661	0.4066958	
RIRL	911357	866557	0.02519807	0.02519807	0.006164667	4.087499	
RIRL	912999	864414	0.02733467	0.02733467	0.006149542	4.444993	
RIRL	918907	868120	0.02841983	0.02841983	0.005919184	4.801309	
RIRL	872548	912677	-0.0224784	-0.0224784	0.005626963	-3.994766	
RIRL	870454	923749	-0.029704	-0.029704	0.00580665	-5.115513	
RIRL	864177	937267	-0.04057301	-0.04057301	0.005906334	-6.869406	
RIRL	866937	917566	-0.02837148	-0.02837148	0.005333902	-5.319086	
RIRL	865412	925263	-0.03342371	-0.03342371	0.005383768	-6.208237	
RIRL	852580	947227	-0.05258731	-0.05258731	0.00573922	-9.162797	
RIRL	864522	919722	-0.03093747	-0.03093747	0.005695215	-5.432187	
RIRL	863803	914296	-0.02839718	-0.02839718	0.005648685	-5.02722	
RIRL	870478	918977	-0.02710267	-0.02710267	0.005526371	-4.904243	
RIRL	854891	909213	-0.03079297	-0.03079297	0.005738769	-5.36578	
RIRL	853003	919809	-0.03768363	-0.03768363	0.005891254	-6.396539	
RIRL	848224	935902	-0.04914339	-0.04914339	0.005958342	-8.24783	
RIRL	847998	913151	-0.0369946	-0.0369946	0.005408906	-6.839571	
RIRL	845842	919912	-0.04194809	-0.04194809	0.005418912	-7.741054	
RIRL	834856	944921	-0.06184202	-0.06184202	0.005823199	-10.61994	
RIRL	846743	916161	-0.03937707	-0.03937707	0.005814525	-6.772191	
RIRL	845425	911017	-0.03734368	-0.03734368	0.005769323	-6.4728	
RIRL	851616	916388	-0.03663566	-0.03663566	0.005537131	-6.616362	
RIRL	867180	911143	-0.02472161	-0.02472161	0.005669031	-4.360816	
RIRL	864583	921705	-0.03197805	-0.03197805	0.005860289	-5.456736	
RIRL	860904	938567	-0.0431588	-0.0431588	0.00602727	-7.160587	
RIRL	860353	914794	-0.03066845	-0.03066845	0.005406369	-5.672651	
RIRL	858620	922326	-0.03577088	-0.03577088	0.005435738	-6.580684	
RIRL	845058	943220	-0.05489191	-0.05489191	0.005835606	-9.406377	
RIRL	860737	919398	-0.03295312	-0.03295312	0.005812097	-5.669746	
RIRL	855599	909359	-0.03045965	-0.03045965	0.005668597	-5.373402	
RIRL	864821	917184	-0.02938432	-0.02938432	0.005579627	-5.266359	
RIRL	907880	847986	0.0341108	0.0341108	0.006200128	5.501629	
RIRL	906582	859660	0.02656601	0.02656601	0.006354093	4.180929	
RIRL	900616	874455	0.014738	0.014738	0.006508713	2.26435	
RIRL	902633	853811	0.02779593	0.02779593	0.005952214	4.669848	
RIRL	899683	860260	0.02240016	0.02240016	0.006049504	3.702809	
RIRL	887654	883167	0.002533853	0.002533853	0.006483912	0.3907907	
RIRL	900957	855749	0.02573453	0.02573453	0.006262629	4.109221	
RIRL	902092	852738	0.02812466	0.02812466	0.006277864	4.479973	
RIRL	907465	856393	0.02895471	0.02895471	0.006072557	4.768125	
RIRL	909324	850297	0.03354529	0.03354529	0.006116013	5.48483	
RIRL	908508	862093	0.02621426	0.02621426	0.006251729	4.193122	
RIRL	899291	873598	0.01449217	0.01449217	0.006340808	2.285539	
RIRL	902571	854060	0.02761593	0.02761593	0.005853996	4.71745	
RIRL	901315	862200	0.02218013	0.02218013	0.005926503	3.742533	
RIRL	890547	885817	0.002662743	0.002662743	0.006322381	0.4211613	
RIRL	899290	854700	0.02542204	0.02542204	0.006114613	4.157587	
RIRL	902190	853067	0.02798622	0.02798622	0.006329206	4.421758	
RIRL	907110	856067	0.02894945	0.02894945	0.006039482	4.793366	
RIRL	900903	865564	0.02000547	0.02000547	0.005874496	3.405478	
RIRL	902833	880135	0.01273046	0.01273046	0.006095915	2.088359	
RIRL	891723	889631	0.001174388	0.001174388	0.00613239	0.1915057	
RIRL	895382	870692	0.01398016	0.01398016	0.005596647	2.497953	
RIRL	893418	877747	0.008847849	0.008847849	0.005640312	1.568681	
RIRL	882132	901099	-0.01063631	-0.01063631	0.006147949	-1.730058	
RIRL	894841	874217	0.01165818	0.01165818	0.005987222	1.947177	
RIRL	896127	871123	0.01414854	0.01414854	0.006016753	2.351523	
RIRL	901340	874702	0.01499852	0.01499852	0.005884245	2.548928	
RIRL	915747	858570	0.03222479	0.03222479	0.005978485	5.390127	
RIRL	913595	868689	0.02519576	0.02519576	0.006092544	4.135507	
RIRL	905358	880734	0.01378652	0.01378652	0.006280904	2.19499	
RIRL	910000	862831	0.0266066	0.0266066	0.00570481	4.663888	
RIRL	909488	871534	0.02131024	0.02131024	0.005768725	3.694098	
RIRL	894307	890036	0.002393598	0.002393598	0.006199479	0.3860966	
RIRL	909131	866626	0.02393627	0.02393627	0.006088603	3.931324	
RIRL	906756	859220	0.02691769	0.02691769	0.006047952	4.450712	
RIRL	915168	865826	0.02770475	0.02770475	0.005953645	4.653411	
