H2_H3_H1	912164	908833	0.001829218	0.001829218	0.006756435	0.2707371	
H2_H3_H1	908829	908950	-6.656475e-05	-6.656475e-05	0.006613986	-0.01006424	
H2_H3_H1	938032	891073	0.02567321	0.02567321	0.006465585	3.970749	
H2_H3_H1	929318	872375	0.03160527	0.03160527	0.006460243	4.892273	
H2_H3_H1	931757	882741	0.02701353	0.02701353	0.006371342	4.239849	
H2_H3_H1	901490	903616	-0.00117777	-0.00117777	0.006716108	-0.175365	
H2_H3_H1	866381	876850	-0.006005515	-0.006005515	0.006573599	-0.913581	
H2_H3_H1	912432	906286	0.003379303	0.003379303	0.00659771	0.5121934	
H2_H3_H1	911810	903623	0.004509668	0.004509668	0.006730842	0.6700005	
H2_H3_H1	909513	908854	0.0003624131	0.0003624131	0.006793845	0.05334432	
H2_H3_H1	905851	908608	-0.001519461	-0.001519461	0.006654296	-0.2283429	
H2_H3_H1	934893	890331	0.02441454	0.02441454	0.006478894	3.768319	
H2_H3_H1	925790	871194	0.03038202	0.03038202	0.006501101	4.673365	
H2_H3_H1	927009	880358	0.02581158	0.02581158	0.006417997	4.02175	
H2_H3_H1	899969	904303	-0.002402077	-0.002402077	0.006731547	-0.3568387	
H2_H3_H1	863473	875941	-0.007167931	-0.007167931	0.006589223	-1.087826	
H2_H3_H1	911172	907376	0.00208738	0.00208738	0.006723989	0.3104377	
H2_H3_H1	906776	900644	0.003392681	0.003392681	0.006748167	0.502756	
H2_H3_H1	911839	908802	0.001668094	0.001668094	0.006815554	0.2447481	
H2_H3_H1	909015	909454	-0.0002414119	-0.0002414119	0.006695378	-0.03605649	
H2_H3_H1	938079	891434	0.02549586	0.02549586	0.006521793	3.909332	
H2_H3_H1	928551	871959	0.03143109	0.03143109	0.006525233	4.816854	
H2_H3_H1	929589	881056	0.02680426	0.02680426	0.006444211	4.159433	
H2_H3_H1	902413	904921	-0.001387679	-0.001387679	0.006778397	-0.2047209	
H2_H3_H1	864948	875468	-0.006044532	-0.006044532	0.006629803	-0.9117212	
H2_H3_H1	912442	906671	0.003172425	0.003172425	0.006766801	0.468822	
H2_H3_H1	910513	902755	0.004278463	0.004278463	0.00681037	0.6282276	
H2_H3_H1	912755	899433	0.007351334	0.007351334	0.006764779	1.086707	
H2_H3_H1	910813	895643	0.008397658	0.008397658	0.006662953	1.260351	
H2_H3_H1	939392	886892	0.0287469	0.0287469	0.006495633	4.425573	
H2_H3_H1	929110	866275	0.03499806	0.03499806	0.006400585	5.467948	
H2_H3_H1	932299	878880	0.02949405	0.02949405	0.00639802	4.609871	
H2_H3_H1	901646	893084	0.004770634	0.004770634	0.006748069	0.7069628	
H2_H3_H1	866083	866947	-0.0004985488	-0.0004985488	0.00661874	-0.07532382	
H2_H3_H1	914799	898729	0.008861181	0.008861181	0.006738036	1.315098	
H2_H3_H1	910638	899291	0.006269307	0.006269307	0.006711669	0.9340905	
H2_H3_H1	913703	900119	0.007489158	0.007489158	0.006826339	1.097097	
H2_H3_H1	910757	894870	0.008798606	0.008798606	0.006726659	1.30802	
H2_H3_H1	938900	885543	0.02924564	0.02924564	0.006519305	4.486005	
H2_H3_H1	928264	864634	0.03549003	0.03549003	0.006420977	5.5272	
H2_H3_H1	930033	875809	0.03002699	0.03002699	0.006437754	4.664202	
H2_H3_H1	901994	892432	0.005328724	0.005328724	0.006777702	0.7862139	
H2_H3_H1	865006	865139	-7.687217e-05	-7.687217e-05	0.006639516	-0.01157798	
H2_H3_H1	914962	898217	0.009235161	0.009235161	0.006798167	1.358478	
H2_H3_H1	907523	895175	0.006849733	0.006849733	0.006757921	1.013586	
H2_H3_H1	919172	899974	0.0105533	0.0105533	0.006971206	1.513842	
H2_H3_H1	915442	894474	0.01158507	0.01158507	0.006869488	1.686453	
H2_H3_H1	943982	885603	0.03190833	0.03190833	0.006652571	4.796391	
H2_H3_H1	933242	864427	0.03828013	0.03828013	0.006574441	5.822568	
H2_H3_H1	934504	875636	0.03252124	0.03252124	0.006589281	4.935477	
H2_H3_H1	906969	892400	0.008096727	0.008096727	0.006928196	1.168663	
H2_H3_H1	869420	864313	0.002945667	0.002945667	0.006780151	0.4344545	
H2_H3_H1	918477	896638	0.01203174	0.01203174	0.006959621	1.728793	
H2_H3_H1	913878	896762	0.009453011	0.009453011	0.006920873	1.36587	
H2_H3_H1	901609	917153	-0.008546473	-0.008546473	0.006746207	-1.266856	
H2_H3_H1	899143	920142	-0.01154245	-0.01154245	0.00666582	-1.731587	
H2_H3_H1	930852	901439	0.01605258	0.01605258	0.006474866	2.479214	
H2_H3_H1	923776	876817	0.02607974	0.02607974	0.006377617	4.089261	
H2_H3_H1	927046	890501	0.02010677	0.02010677	0.006407131	3.138186	
H2_H3_H1	895800	905169	-0.005202199	-0.005202199	0.006682061	-0.7785322	
H2_H3_H1	859231	880767	-0.01237703	-0.01237703	0.006588251	-1.878651	
H2_H3_H1	906333	915843	-0.005219035	-0.005219035	0.006721672	-0.7764489	
H2_H3_H1	902403	913363	-0.00603602	-0.00603602	0.006707124	-0.8999416	
H2_H3_H1	898928	918607	-0.0108273	-0.0108273	0.006754761	-1.602914	
H2_H3_H1	896564	921583	-0.01376071	-0.01376071	0.006666362	-2.064201	
H2_H3_H1	927481	902050	0.01390028	0.01390028	0.006488377	2.142336	
H2_H3_H1	918925	876083	0.0238673	0.0238673	0.006384282	3.738448	
H2_H3_H1	922501	889943	0.01796359	0.01796359	0.00640899	2.802874	
H2_H3_H1	892708	906117	-0.00745431	-0.00745431	0.006649093	-1.121102	
H2_H3_H1	855635	881394	-0.01482934	-0.01482934	0.006551859	-2.263379	
H2_H3_H1	903570	917058	-0.007408433	-0.007408433	0.006752246	-1.09718	
H2_H3_H1	896646	911627	-0.0082847	-0.0082847	0.006677073	-1.240768	
H2_H3_H1	904199	916898	-0.006973269	-0.006973269	0.00683595	-1.020088	
H2_H3_H1	901293	919568	-0.01003646	-0.01003646	0.006751196	-1.48662	
H2_H3_H1	932957	900654	0.01761715	0.01761715	0.006575347	2.679273	
H2_H3_H1	924347	874685	0.02760485	0.02760485	0.006480397	4.259746	
H2_H3_H1	927136	888099	0.0215052	0.0215052	0.006530417	3.293083	
H2_H3_H1	897494	904305	-0.003780111	-0.003780111	0.006721208	-0.5624154	
H2_H3_H1	859645	878449	-0.01081875	-0.01081875	0.00664028	-1.629261	
H2_H3_H1	907354	914032	-0.003666439	-0.003666439	0.006860205	-0.5344503	
H2_H3_H1	902755	911266	-0.004691787	-0.004691787	0.006812061	-0.6887471	
H2_H3_H1	915400	905433	0.005473868	0.005473868	0.006704586	0.8164365	
H2_H3_H1	912008	904830	0.00395082	0.00395082	0.006635346	0.5954203	
H2_H3_H1	937333	892119	0.0247145	0.0247145	0.006457401	3.827315	
H2_H3_H1	928087	875082	0.02939547	0.02939547	0.006420839	4.578136	
H2_H3_H1	931794	887503	0.02434512	0.02434512	0.006422953	3.790331	
H2_H3_H1	902941	903438	-0.0002751361	-0.0002751361	0.006651287	-0.04136584	
H2_H3_H1	865798	876947	-0.006397379	-0.006397379	0.006507594	-0.9830636	
H2_H3_H1	914205	907137	0.003880655	0.003880655	0.006587261	0.5891151	
H2_H3_H1	910516	903999	0.003591593	0.003591593	0.006632388	0.5415234	
H2_H3_H1	912862	906254	0.003632534	0.003632534	0.006730934	0.5396775	
H2_H3_H1	909200	905248	0.002178073	0.002178073	0.00669595	0.3252821	
H2_H3_H1	934519	892289	0.02311682	0.02311682	0.006482377	3.566103	
H2_H3_H1	924527	874293	0.02792608	0.02792608	0.006464456	4.319943	
H2_H3_H1	927589	886086	0.02288337	0.02288337	0.006469843	3.536929	
H2_H3_H1	901236	904621	-0.001874456	-0.001874456	0.006679765	-0.2806171	
H2_H3_H1	862086	876310	-0.008182255	-0.008182255	0.006454011	-1.267778	
H2_H3_H1	911783	907782	0.002198877	0.002198877	0.006667056	0.3298123	
H2_H3_H1	904864	901392	0.001922208	0.001922208	0.006677657	0.2878567	
H2_H3_H1	915430	905728	0.00532738	0.00532738	0.006817394	0.7814393	
H2_H3_H1	912723	905726	0.003847785	0.003847785	0.006785492	0.5670605	
H2_H3_H1	937105	892013	0.02465232	0.02465232	0.00654612	3.765943	
H2_H3_H1	927133	874385	0.02927975	0.02927975	0.006541735	4.475839	
H2_H3_H1	929962	886138	0.02413083	0.02413083	0.006553517	3.682119	
H2_H3_H1	903152	904142	-0.0005477803	-0.0005477803	0.006738257	-0.08129406	
H2_H3_H1	864105	875633	-0.006626285	-0.006626285	0.006559588	-1.010168	
H2_H3_H1	913487	906871	0.00363445	0.00363445	0.006757802	0.5378154	
H2_H3_H1	908254	902428	0.003217572	0.003217572	0.006748035	0.4768162	
H2_H3_H1	914067	901369	0.006994463	0.006994463	0.006515136	1.073571	
H2_H3_H1	910130	903617	0.003590909	0.003590909	0.006436572	0.5578915	
H2_H3_H1	939776	887384	0.02867401	0.02867401	0.006268251	4.574483	
H2_H3_H1	929222	870902	0.03239777	0.03239777	0.006264539	5.171612	
H2_H3_H1	932984	881150	0.02857231	0.02857231	0.006251563	4.570427	
H2_H3_H1	903085	899120	0.002200083	0.002200083	0.006417963	0.3428008	
H2_H3_H1	866907	871186	-0.002461894	-0.002461894	0.006341789	-0.3882017	
H2_H3_H1	914505	903487	0.006060533	0.006060533	0.006445927	0.9402112	
H2_H3_H1	911840	897242	0.008069286	0.008069286	0.006425554	1.255812	
H2_H3_H1	910674	902423	0.004550777	0.004550777	0.00651183	0.6988476	
H2_H3_H1	906257	904253	0.00110687	0.00110687	0.006453254	0.1715213	
H2_H3_H1	935909	887895	0.02632629	0.02632629	0.006266783	4.200927	
H2_H3_H1	925086	870769	0.03024576	0.03024576	0.006266569	4.826526	
H2_H3_H1	927649	880149	0.02627506	0.02627506	0.006257783	4.198781	
H2_H3_H1	899878	899941	-3.500352e-05	-3.500352e-05	0.006430997	-0.005442939	
H2_H3_H1	862615	871184	-0.004942326	-0.004942326	0.006266816	-0.7886503	
H2_H3_H1	911776	904994	0.003732999	0.003732999	0.006467978	0.5771508	
H2_H3_H1	905893	895875	0.005560094	0.005560094	0.006448526	0.8622272	
H2_H3_H1	915625	901112	0.007988498	0.007988498	0.006609802	1.208584	
H2_H3_H1	911179	902924	0.004550458	0.004550458	0.006559119	0.6937605	
H2_H3_H1	940475	886312	0.02964932	0.02964932	0.006340605	4.676104	
H2_H3_H1	929990	869862	0.03340719	0.03340719	0.006364955	5.248614	
H2_H3_H1	932054	878829	0.02939174	0.02939174	0.006356995	4.623527	
H2_H3_H1	904127	898393	0.003181102	0.003181102	0.006496298	0.4896792	
H2_H3_H1	866368	868648	-0.001314109	-0.001314109	0.006395051	-0.2054884	
H2_H3_H1	915047	902257	0.007037898	0.007037898	0.006575605	1.070304	
H2_H3_H1	911311	895265	0.008881996	0.008881996	0.006553312	1.355345	
H2_H3_H1	897658	934447	-0.02008018	-0.02008018	0.006853851	-2.929766	
H2_H3_H1	898418	932441	-0.01858308	-0.01858308	0.006730464	-2.76104	
H2_H3_H1	928316	913299	0.008154256	0.008154256	0.006613511	1.232969	
H2_H3_H1	921503	890921	0.01687354	0.01687354	0.006590451	2.560301	
H2_H3_H1	921510	905683	0.00866192	0.00866192	0.006525535	1.327389	
H2_H3_H1	889732	916235	-0.01467524	-0.01467524	0.006696911	-2.191345	
H2_H3_H1	859550	886404	-0.0153807	-0.0153807	0.00663195	-2.319182	
H2_H3_H1	902737	922848	-0.01101619	-0.01101619	0.006671842	-1.651147	
H2_H3_H1	900871	919530	-0.01024994	-0.01024994	0.00670638	-1.528386	
H2_H3_H1	897369	934169	-0.0200924	-0.0200924	0.006906396	-2.909246	
H2_H3_H1	897970	932047	-0.01862114	-0.01862114	0.006829197	-2.726695	
H2_H3_H1	927099	911857	0.008288398	0.008288398	0.006650171	1.246344	
H2_H3_H1	919798	888966	0.01704589	0.01704589	0.00665059	2.563065	
H2_H3_H1	918602	902515	0.008833589	0.008833589	0.006586752	1.341115	
H2_H3_H1	890456	916664	-0.01450263	-0.01450263	0.006753008	-2.147581	
H2_H3_H1	858724	885437	-0.01531567	-0.01531567	0.006680882	-2.292463	
H2_H3_H1	902258	922438	-0.01105938	-0.01105938	0.006780071	-1.631159	
H2_H3_H1	896172	914903	-0.01034248	-0.01034248	0.00673955	-1.534595	
H2_H3_H1	898006	933970	-0.01963126	-0.01963126	0.006918089	-2.837671	
H2_H3_H1	898704	931583	-0.01796385	-0.01796385	0.006831779	-2.629454	
H2_H3_H1	929147	913227	0.008641025	0.008641025	0.006709444	1.28789	
H2_H3_H1	921025	889468	0.01743006	0.01743006	0.006686713	2.606671	
H2_H3_H1	919890	903692	0.008882518	0.008882518	0.006660765	1.333558	
H2_H3_H1	890658	916322	-0.0142027	-0.0142027	0.006771473	-2.097432	
H2_H3_H1	858935	884909	-0.01489468	-0.01489468	0.006703836	-2.221815	
H2_H3_H1	902336	921759	-0.01064802	-0.01064802	0.006794268	-1.567206	
H2_H3_H1	898951	917155	-0.01002364	-0.01002364	0.006813072	-1.471237	
H2_H3_H1	910946	905834	0.002813769	0.002813769	0.006591847	0.426856	
H2_H3_H1	906005	908099	-0.001154289	-0.001154289	0.006482251	-0.1780691	
H2_H3_H1	936076	891159	0.02458195	0.02458195	0.006441182	3.816373	
H2_H3_H1	928284	871376	0.03162153	0.03162153	0.006297044	5.021646	
H2_H3_H1	931836	880258	0.0284632	0.0284632	0.006245511	4.557386	
H2_H3_H1	900263	897312	0.001641656	0.001641656	0.006443718	0.2547685	
H2_H3_H1	862693	873366	-0.006147833	-0.006147833	0.006383338	-0.9631062	
H2_H3_H1	910855	903140	0.004253044	0.004253044	0.006428709	0.6615704	
H2_H3_H1	910383	900075	0.005693587	0.005693587	0.006538611	0.870764	
H2_H3_H1	907955	907023	0.0005135048	0.0005135048	0.006606801	0.07772368	
H2_H3_H1	902802	908986	-0.003413203	-0.003413203	0.006536392	-0.5221846	
H2_H3_H1	932719	891563	0.02256011	0.02256011	0.006418527	3.514842	
H2_H3_H1	924367	871196	0.02961244	0.02961244	0.006318589	4.686559	
H2_H3_H1	926291	878624	0.02640955	0.02640955	0.006253914	4.222884	
H2_H3_H1	898232	899069	-0.0004656983	-0.0004656983	0.006455182	-0.07214332	
H2_H3_H1	858821	873291	-0.008353963	-0.008353963	0.006340694	-1.317516	
H2_H3_H1	908244	904304	0.002173736	0.002173736	0.006485145	0.3351869	
H2_H3_H1	903973	897377	0.003661698	0.003661698	0.00653486	0.5603331	
H2_H3_H1	914692	904518	0.005592537	0.005592537	0.00666957	0.8385154	
H2_H3_H1	909628	906521	0.001710763	0.001710763	0.006582428	0.2598984	
H2_H3_H1	939381	889258	0.02741	0.02741	0.00648032	4.22973	
H2_H3_H1	930837	868720	0.03451794	0.03451794	0.00637032	5.418557	
H2_H3_H1	932845	876599	0.03108469	0.03108469	0.006310606	4.925785	
H2_H3_H1	904154	896224	0.004404631	0.004404631	0.006508411	0.6767597	
H2_H3_H1	865032	870256	-0.003010451	-0.003010451	0.006415726	-0.46923	
H2_H3_H1	913754	900863	0.007103978	0.007103978	0.006551912	1.08426	
H2_H3_H1	911828	896418	0.008522071	0.008522071	0.006612973	1.28869	
H2_H3_H1	912059	905682	0.003508201	0.003508201	0.00669592	0.5239311	
H2_H3_H1	909167	907325	0.001014042	0.001014042	0.006656837	0.152331	
H2_H3_H1	937538	894748	0.02335334	0.02335334	0.006442941	3.62464	
H2_H3_H1	930108	875199	0.03041533	0.03041533	0.006436845	4.725191	
H2_H3_H1	930808	889121	0.02290584	0.02290584	0.006436092	3.558967	
H2_H3_H1	900216	898799	0.0007876532	0.0007876532	0.006637385	0.1186692	
H2_H3_H1	865776	877662	-0.006817564	-0.006817564	0.006544081	-1.041791	
H2_H3_H1	914139	902163	0.006593617	0.006593617	0.006615466	0.9966972	
H2_H3_H1	909938	904181	0.003173441	0.003173441	0.006621414	0.4792694	
H2_H3_H1	913068	905700	0.004051094	0.004051094	0.006769603	0.5984241	
H2_H3_H1	908897	906194	0.001489182	0.001489182	0.006722464	0.2215232	
H2_H3_H1	937478	893463	0.02403955	0.02403955	0.006446599	3.729028	
H2_H3_H1	929598	873498	0.03111315	0.03111315	0.006508688	4.780249	
H2_H3_H1	929578	886635	0.02364425	0.02364425	0.006477196	3.650384	
H2_H3_H1	901362	898236	0.001737055	0.001737055	0.006698798	0.2593084	
H2_H3_H1	865972	876437	-0.006006053	-0.006006053	0.00658787	-0.9116835	
H2_H3_H1	915354	902130	0.007275993	0.007275993	0.006706984	1.084838	
H2_H3_H1	906169	899314	0.003796768	0.003796768	0.006680199	0.5683615	
H2_H3_H1	915165	905479	0.005320096	0.005320096	0.006809928	0.7812264	
H2_H3_H1	912297	906880	0.00297772	0.00297772	0.006771563	0.439739	
H2_H3_H1	939971	893579	0.02530174	0.02530174	0.006520975	3.880054	
H2_H3_H1	931962	873519	0.03236977	0.03236977	0.006555076	4.938123	
H2_H3_H1	931431	886563	0.02467995	0.02467995	0.006543005	3.77196	
H2_H3_H1	903384	898522	0.002698254	0.002698254	0.00676254	0.3990001	
H2_H3_H1	866915	875295	-0.004809983	-0.004809983	0.006652668	-0.7230156	
H2_H3_H1	915174	899747	0.008500094	0.008500094	0.006741552	1.260851	
H2_H3_H1	909924	901226	0.004802474	0.004802474	0.006759797	0.7104464	
H2_H3_H1	909040	910966	-0.001058238	-0.001058238	0.006836513	-0.1547921	
H2_H3_H1	908769	908208	0.0003087546	0.0003087546	0.006729335	0.04588189	
H2_H3_H1	939508	894513	0.02453352	0.02453352	0.006614809	3.708879	
H2_H3_H1	929418	873299	0.03113023	0.03113023	0.006582578	4.729186	
H2_H3_H1	933607	885672	0.02634835	0.02634835	0.006550186	4.022535	
H2_H3_H1	902904	895416	0.004163886	0.004163886	0.006746829	0.617162	
H2_H3_H1	865315	876716	-0.00654466	-0.00654466	0.006614122	-0.9894978	
H2_H3_H1	913860	903617	0.005635835	0.005635835	0.006746758	0.8353397	
H2_H3_H1	913112	902684	0.005742936	0.005742936	0.006794182	0.8452725	
H2_H3_H1	902547	913275	-0.005908068	-0.005908068	0.006779231	-0.8714953	
H2_H3_H1	902267	910283	-0.004422499	-0.004422499	0.006657408	-0.6642974	
H2_H3_H1	933003	896515	0.01994405	0.01994405	0.006535472	3.051662	
H2_H3_H1	921328	873692	0.02653787	0.02653787	0.006491301	4.08822	
H2_H3_H1	925686	886291	0.02174145	0.02174145	0.006452247	3.369593	
H2_H3_H1	897392	898049	-0.0003659268	-0.0003659268	0.006662516	-0.05492321	
H2_H3_H1	858592	878566	-0.01149809	-0.01149809	0.006487308	-1.772398	
H2_H3_H1	908169	906261	0.00105157	0.00105157	0.006695767	0.15705	
H2_H3_H1	903451	901685	0.0009783196	0.0009783196	0.006695267	0.1461211	
H2_H3_H1	910479	909527	0.0005230752	0.0005230752	0.006905838	0.07574392	
H2_H3_H1	910416	907083	0.001833839	0.001833839	0.00682227	0.2688018	
H2_H3_H1	941817	893873	0.0261177	0.0261177	0.006703185	3.896312	
H2_H3_H1	929675	871040	0.03256207	0.03256207	0.006655936	4.892184	
H2_H3_H1	933506	883130	0.02773038	0.02773038	0.006631135	4.181845	
H2_H3_H1	905550	895240	0.005725265	0.005725265	0.006826149	0.8387255	
H2_H3_H1	865313	874027	-0.005009946	-0.005009946	0.006663602	-0.7518376	
H2_H3_H1	915497	902419	0.007193952	0.007193952	0.006882648	1.04523	
H2_H3_H1	913207	900184	0.007181573	0.007181573	0.006890887	1.042184	
H1_H3_H2	762310	908833	-0.08767831	-0.08767831	0.006161372	-14.23032	
H1_H3_H2	764518	899433	-0.08108111	-0.08108111	0.005901953	-13.73802	
H1_H3_H2	763951	917153	-0.09113178	-0.09113178	0.0060578	-15.04371	
H1_H3_H2	762380	905433	-0.08577281	-0.08577281	0.005916158	-14.49806	
H1_H3_H2	760242	901369	-0.08493384	-0.08493384	0.005765901	-14.73037	
H1_H3_H2	759441	934447	-0.1033162	-0.1033162	0.006162622	-16.76497	
H1_H3_H2	758505	905834	-0.08852103	-0.08852103	0.006023126	-14.69686	
H1_H3_H2	759308	905682	-0.08791284	-0.08791284	0.006021506	-14.59981	
H1_H3_H2	761297	910966	-0.08950087	-0.08950087	0.006092009	-14.69152	
H1_H3_H2	759946	908854	-0.08923058	-0.08923058	0.006159638	-14.48634	
H1_H3_H2	763007	900119	-0.08244234	-0.08244234	0.005976417	-13.79461	
H1_H3_H2	763588	918607	-0.09215281	-0.09215281	0.006044728	-15.24516	
H1_H3_H2	760920	906254	-0.08717386	-0.08717386	0.005926923	-14.70812	
H1_H3_H2	758918	902423	-0.08637902	-0.08637902	0.005807451	-14.87383	
H1_H3_H2	757188	934169	-0.1046385	-0.1046385	0.00616078	-16.98461	
H1_H3_H2	757426	907023	-0.08987779	-0.08987779	0.006070413	-14.80588	
H1_H3_H2	756971	905700	-0.08945185	-0.08945185	0.006026075	-14.84413	
H1_H3_H2	761317	913275	-0.0907433	-0.0907433	0.006107221	-14.85836	
H1_H3_H2	760000	908802	-0.08916696	-0.08916696	0.00620616	-14.36749	
H1_H3_H2	763079	899974	-0.08231548	-0.08231548	0.006066603	-13.56863	
H1_H3_H2	761961	916898	-0.09228708	-0.09228708	0.006112746	-15.09748	
H1_H3_H2	760765	905728	-0.08698686	-0.08698686	0.005979883	-14.54658	
H1_H3_H2	757900	901112	-0.08632367	-0.08632367	0.005858549	-14.73465	
H1_H3_H2	757147	933970	-0.1045599	-0.1045599	0.006235686	-16.76798	
H1_H3_H2	755059	904518	-0.09005849	-0.09005849	0.006131368	-14.68816	
H1_H3_H2	756828	905479	-0.08942452	-0.08942452	0.006119952	-14.61196	
H1_H3_H2	757929	909527	-0.09091574	-0.09091574	0.006149851	-14.78341	
H1_H3_H2	776117	908950	-0.07882951	-0.07882951	0.00620653	-12.70106	
H1_H3_H2	779462	895643	-0.06935744	-0.06935744	0.006023966	-11.51359	
H1_H3_H2	778584	920142	-0.08333186	-0.08333186	0.00612778	-13.59903	
H1_H3_H2	776538	904830	-0.07630215	-0.07630215	0.005971688	-12.77732	
H1_H3_H2	774051	903617	-0.07722982	-0.07722982	0.005818445	-13.27328	
H1_H3_H2	777568	932441	-0.09056853	-0.09056853	0.006227329	-14.54372	
H1_H3_H2	770308	908099	-0.0820963	-0.0820963	0.006002623	-13.67674	
H1_H3_H2	773100	907325	-0.07987563	-0.07987563	0.00606324	-13.17375	
H1_H3_H2	778355	908208	-0.07699268	-0.07699268	0.006147934	-12.52334	
H1_H3_H2	774832	908608	-0.07946586	-0.07946586	0.006280144	-12.65351	
H1_H3_H2	777999	894870	-0.06986261	-0.06986261	0.006137423	-11.38305	
H1_H3_H2	779432	921583	-0.08356834	-0.08356834	0.00616838	-13.54786	
H1_H3_H2	775849	905248	-0.07697295	-0.07697295	0.006043112	-12.7373	
H1_H3_H2	773435	904253	-0.07797517	-0.07797517	0.00592244	-13.16605	
H1_H3_H2	776375	932047	-0.09112034	-0.09112034	0.006278475	-14.51313	
H1_H3_H2	770207	908986	-0.08264625	-0.08264625	0.006099952	-13.54867	
H1_H3_H2	770873	906194	-0.08068908	-0.08068908	0.006131097	-13.16063	
H1_H3_H2	779293	910283	-0.07752833	-0.07752833	0.006199506	-12.50556	
H1_H3_H2	775497	909454	-0.07950202	-0.07950202	0.0063118	-12.59578	
H1_H3_H2	777201	894474	-0.07015299	-0.07015299	0.006162507	-11.38384	
H1_H3_H2	777116	919568	-0.08395906	-0.08395906	0.006202444	-13.53645	
H1_H3_H2	776410	905726	-0.07687607	-0.07687607	0.006101188	-12.60018	
H1_H3_H2	772168	902924	-0.078059	-0.078059	0.005962355	-13.09197	
H1_H3_H2	776088	931583	-0.09105677	-0.09105677	0.00629558	-14.4636	
H1_H3_H2	767684	906521	-0.08292712	-0.08292712	0.006127117	-13.53444	
H1_H3_H2	771526	906880	-0.08064437	-0.08064437	0.006181641	-13.04579	
H1_H3_H2	776334	907083	-0.07766881	-0.07766881	0.006212912	-12.50119	
H1_H3_H2	761880	891073	-0.07815891	-0.07815891	0.005706474	-13.69653	
H1_H3_H2	764892	886892	-0.07385954	-0.07385954	0.005607031	-13.17266	
H1_H3_H2	767158	901439	-0.08047539	-0.08047539	0.005593389	-14.38759	
H1_H3_H2	758877	892119	-0.08070401	-0.08070401	0.005528388	-14.59811	
H1_H3_H2	760321	887384	-0.07711514	-0.07711514	0.005371452	-14.35648	
H1_H3_H2	764586	913299	-0.08863122	-0.08863122	0.00575983	-15.38782	
H1_H3_H2	757432	891159	-0.08111593	-0.08111593	0.005611681	-14.45484	
H1_H3_H2	758435	894748	-0.08245488	-0.08245488	0.00561644	-14.68099	
H1_H3_H2	765974	894513	-0.07741042	-0.07741042	0.005802668	-13.34049	
H1_H3_H2	762253	890331	-0.07750166	-0.07750166	0.005790779	-13.38363	
H1_H3_H2	764826	885543	-0.07314546	-0.07314546	0.00570237	-12.8272	
H1_H3_H2	769123	902050	-0.07954114	-0.07954114	0.005719917	-13.90599	
H1_H3_H2	760024	892289	-0.08004839	-0.08004839	0.005648532	-14.17154	
H1_H3_H2	761642	887895	-0.07653845	-0.07653845	0.005510234	-13.89024	
H1_H3_H2	764394	911857	-0.08797191	-0.08797191	0.005848126	-15.04275	
H1_H3_H2	758895	891563	-0.08038254	-0.08038254	0.00570994	-14.07765	
H1_H3_H2	758226	893463	-0.081878	-0.081878	0.005693239	-14.38162	
H1_H3_H2	769130	896515	-0.07647788	-0.07647788	0.005912641	-12.93464	
H1_H3_H2	760754	891434	-0.07909512	-0.07909512	0.00585092	-13.51841	
H1_H3_H2	762195	885603	-0.07489267	-0.07489267	0.005748127	-13.02906	
H1_H3_H2	765213	900654	-0.08130361	-0.08130361	0.00573991	-14.16461	
H1_H3_H2	757389	892013	-0.08161988	-0.08161988	0.005665188	-14.40727	
H1_H3_H2	757718	886312	-0.07821877	-0.07821877	0.005489476	-14.24886	
H1_H3_H2	763151	913227	-0.08952396	-0.08952396	0.005894159	-15.18859	
H1_H3_H2	754148	889258	-0.0822134	-0.0822134	0.005734455	-14.33674	
H1_H3_H2	755810	893579	-0.08352729	-0.08352729	0.005721057	-14.59998	
H1_H3_H2	764190	893873	-0.07821355	-0.07821355	0.005922928	-13.20522	
H1_H3_H2	752610	872375	-0.07370222	-0.07370222	0.00587791	-12.53885	
H1_H3_H2	754538	866275	-0.06893886	-0.06893886	0.005622585	-12.26106	
H1_H3_H2	759142	876817	-0.07193029	-0.07193029	0.00564198	-12.74912	
H1_H3_H2	748970	875082	-0.07765269	-0.07765269	0.005601162	-13.86367	
H1_H3_H2	749340	870902	-0.07502706	-0.07502706	0.005480887	-13.68885	
H1_H3_H2	756435	890921	-0.08163748	-0.08163748	0.00587461	-13.89666	
H1_H3_H2	749160	871376	-0.07541702	-0.07541702	0.005678311	-13.28159	
H1_H3_H2	750178	875199	-0.07691815	-0.07691815	0.00574604	-13.38629	
H1_H3_H2	755052	873299	-0.07261764	-0.07261764	0.005832896	-12.44967	
H1_H3_H2	752077	871194	-0.07338085	-0.07338085	0.005919235	-12.39702	
H1_H3_H2	753841	864634	-0.06845518	-0.06845518	0.005705944	-11.99717	
H1_H3_H2	759337	876083	-0.07138594	-0.07138594	0.005716214	-12.48833	
H1_H3_H2	748715	874293	-0.07737362	-0.07737362	0.005663483	-13.66184	
H1_H3_H2	749745	870769	-0.07468248	-0.07468248	0.005553647	-13.44746	
H1_H3_H2	755335	888966	-0.08126918	-0.08126918	0.005903677	-13.76586	
H1_H3_H2	749654	871196	-0.07498658	-0.07498658	0.005732655	-13.0806	
H1_H3_H2	749127	873498	-0.07664802	-0.07664802	0.005768221	-13.28798	
H1_H3_H2	755977	873692	-0.07223246	-0.07223246	0.005857267	-12.33211	
H1_H3_H2	751595	871959	-0.07413612	-0.07413612	0.005974577	-12.4086	
H1_H3_H2	752587	864427	-0.06916452	-0.06916452	0.005753349	-12.02161	
H1_H3_H2	756916	874685	-0.07218002	-0.07218002	0.005759339	-12.53269	
H1_H3_H2	747801	874385	-0.07803298	-0.07803298	0.005702014	-13.68516	
H1_H3_H2	747794	869862	-0.0754598	-0.0754598	0.005566688	-13.5556	
H1_H3_H2	754733	889468	-0.08194558	-0.08194558	0.005955426	-13.75982	
H1_H3_H2	746145	868720	-0.07590418	-0.07590418	0.005772447	-13.14939	
H1_H3_H2	747812	873519	-0.07753321	-0.07753321	0.005820486	-13.32075	
H1_H3_H2	752306	871040	-0.07314152	-0.07314152	0.005884791	-12.42891	
H1_H3_H2	762524	882741	-0.07306847	-0.07306847	0.005676237	-12.87269	
H1_H3_H2	764301	878880	-0.06972999	-0.06972999	0.005622715	-12.40148	
H1_H3_H2	770053	890501	-0.07253483	-0.07253483	0.005598398	-12.95636	
H1_H3_H2	760183	887503	-0.077272	-0.077272	0.005546868	-13.93075	
H1_H3_H2	760500	881150	-0.07349313	-0.07349313	0.0054064	-13.59373	
H1_H3_H2	764255	905683	-0.08469057	-0.08469057	0.005830914	-14.52441	
H1_H3_H2	759802	880258	-0.07344609	-0.07344609	0.005539679	-13.25819	
H1_H3_H2	758907	889121	-0.07901201	-0.07901201	0.005662954	-13.95244	
H1_H3_H2	766864	885672	-0.07189435	-0.07189435	0.005779515	-12.43951	
H1_H3_H2	764789	880358	-0.07024843	-0.07024843	0.005752003	-12.21286	
H1_H3_H2	766068	875809	-0.06683875	-0.06683875	0.005727006	-11.6708	
H1_H3_H2	774245	889943	-0.06952219	-0.06952219	0.005709519	-12.17654	
H1_H3_H2	763400	886086	-0.07437832	-0.07437832	0.005677426	-13.10071	
H1_H3_H2	763737	880149	-0.07081513	-0.07081513	0.005542733	-12.77621	
H1_H3_H2	766001	902515	-0.08181762	-0.08181762	0.005891321	-13.88782	
H1_H3_H2	762840	878624	-0.07053703	-0.07053703	0.005627648	-12.53402	
H1_H3_H2	760856	886635	-0.07634579	-0.07634579	0.005753206	-13.27013	
H1_H3_H2	771829	886291	-0.06903119	-0.06903119	0.005884349	-11.73132	
H1_H3_H2	764318	881056	-0.07094922	-0.07094922	0.005820319	-12.18992	
H1_H3_H2	764599	875636	-0.06769579	-0.06769579	0.005779391	-11.71331	
H1_H3_H2	771382	888099	-0.07033344	-0.07033344	0.005773893	-12.18129	
H1_H3_H2	762460	886138	-0.07502011	-0.07502011	0.005731668	-13.0887	
H1_H3_H2	761587	878829	-0.0714709	-0.0714709	0.005562948	-12.84767	
H1_H3_H2	765897	903692	-0.08253229	-0.08253229	0.005964239	-13.83786	
H1_H3_H2	759639	876599	-0.07148104	-0.07148104	0.00568273	-12.57865	
H1_H3_H2	759726	886563	-0.07704419	-0.07704419	0.005815068	-13.24906	
H1_H3_H2	767903	883130	-0.06979085	-0.06979085	0.005906003	-11.81694	
H1_H3_H2	759721	903616	-0.08650983	-0.08650983	0.006066854	-14.25942	
H1_H3_H2	761175	893084	-0.07973903	-0.07973903	0.005897408	-13.52103	
H1_H3_H2	766018	905169	-0.08326477	-0.08326477	0.006075297	-13.70546	
H1_H3_H2	757946	903438	-0.08757277	-0.08757277	0.005853612	-14.96047	
H1_H3_H2	757216	899120	-0.08567344	-0.08567344	0.005705689	-15.01544	
H1_H3_H2	759355	916235	-0.09362672	-0.09362672	0.006054973	-15.46278	
H1_H3_H2	755808	897312	-0.08559814	-0.08559814	0.005884831	-14.54556	
H1_H3_H2	755308	898799	-0.08674832	-0.08674832	0.005926594	-14.63713	
H1_H3_H2	763660	895416	-0.07941529	-0.07941529	0.005996663	-13.24325	
H1_H3_H2	760223	904303	-0.08655918	-0.08655918	0.006136669	-14.10524	
H1_H3_H2	760587	892432	-0.07976012	-0.07976012	0.00600219	-13.2885	
H1_H3_H2	766902	906117	-0.08321185	-0.08321185	0.006112265	-13.61391	
H1_H3_H2	758697	904621	-0.08773067	-0.08773067	0.00594998	-14.7447	
H1_H3_H2	757588	899941	-0.08588266	-0.08588266	0.005822684	-14.74967	
H1_H3_H2	759654	916664	-0.09366361	-0.09366361	0.006126381	-15.28857	
H1_H3_H2	757390	899069	-0.08553124	-0.08553124	0.0060003	-14.2545	
H1_H3_H2	754745	898236	-0.08680741	-0.08680741	0.005995303	-14.47924	
H1_H3_H2	766042	898049	-0.07932679	-0.07932679	0.006085474	-13.03543	
H1_H3_H2	760293	904921	-0.0868525	-0.0868525	0.00614609	-14.13134	
H1_H3_H2	760020	892400	-0.0801128	-0.0801128	0.006112928	-13.10547	
H1_H3_H2	764620	904305	-0.08369759	-0.08369759	0.006169843	-13.5656	
H1_H3_H2	757747	904142	-0.08808952	-0.08808952	0.005981422	-14.72719	
H1_H3_H2	755636	898393	-0.08630864	-0.08630864	0.005835272	-14.79085	
H1_H3_H2	758874	916322	-0.09398781	-0.09398781	0.006153583	-15.27367	
H1_H3_H2	754096	896224	-0.08612148	-0.08612148	0.006013812	-14.32061	
H1_H3_H2	754421	898522	-0.08717844	-0.08717844	0.006089625	-14.3159	
H1_H3_H2	762773	895240	-0.07989503	-0.07989503	0.006118101	-13.0588	
H1_H3_H2	822407	876850	-0.0320393	-0.0320393	0.006496185	-4.932018	
H1_H3_H2	822937	866947	-0.02604321	-0.02604321	0.00628117	-4.146235	
H1_H3_H2	826825	880767	-0.03158951	-0.03158951	0.006424042	-4.917389	
H1_H3_H2	818678	876947	-0.03436432	-0.03436432	0.006259221	-5.490191	
H1_H3_H2	818846	871186	-0.03096983	-0.03096983	0.006072287	-5.100192	
H1_H3_H2	827208	886404	-0.03454458	-0.03454458	0.006483136	-5.328375	
H1_H3_H2	815606	873366	-0.03419832	-0.03419832	0.006332446	-5.400491	
H1_H3_H2	818511	877662	-0.03487321	-0.03487321	0.006439459	-5.41555	
H1_H3_H2	823614	876716	-0.03123041	-0.03123041	0.006465119	-4.830601	
H1_H3_H2	823292	875941	-0.03098398	-0.03098398	0.006575805	-4.711816	
H1_H3_H2	823034	865139	-0.02494116	-0.02494116	0.006407679	-3.892386	
H1_H3_H2	829060	881394	-0.03059656	-0.03059656	0.006504533	-4.703882	
H1_H3_H2	819603	876310	-0.03343745	-0.03343745	0.006363042	-5.254947	
H1_H3_H2	820296	871184	-0.0300849	-0.0300849	0.006192201	-4.858514	
H1_H3_H2	827994	885437	-0.03352513	-0.03352513	0.006560734	-5.109966	
H1_H3_H2	817394	873291	-0.03306175	-0.03306175	0.006443758	-5.130817	
H1_H3_H2	818891	876437	-0.03394387	-0.03394387	0.006528823	-5.19908	
H1_H3_H2	826938	878566	-0.0302714	-0.0302714	0.006533654	-4.633151	
H1_H3_H2	824596	875468	-0.02992358	-0.02992358	0.0066246	-4.51704	
H1_H3_H2	823985	864313	-0.02388678	-0.02388678	0.006448907	-3.704004	
H1_H3_H2	828057	878449	-0.02952934	-0.02952934	0.006533393	-4.519756	
H1_H3_H2	820855	875633	-0.03228906	-0.03228906	0.006380265	-5.06077	
H1_H3_H2	819787	868648	-0.02893863	-0.02893863	0.006208846	-4.660871	
H1_H3_H2	829464	884909	-0.03234127	-0.03234127	0.006605018	-4.89647	
H1_H3_H2	816253	870256	-0.03202058	-0.03202058	0.006464813	-4.953056	
H1_H3_H2	819582	875295	-0.03287141	-0.03287141	0.006581457	-4.994549	
H1_H3_H2	824529	874027	-0.02914122	-0.02914122	0.006530385	-4.462405	
H1_H3_H2	763173	906286	-0.08572418	-0.08572418	0.005880519	-14.57766	
H1_H3_H2	767149	898729	-0.07898538	-0.07898538	0.0057712	-13.68613	
H1_H3_H2	769178	915843	-0.08704046	-0.08704046	0.005954792	-14.61688	
H1_H3_H2	762520	907137	-0.0866148	-0.0866148	0.005755449	-15.04918	
H1_H3_H2	761837	903487	-0.08505852	-0.08505852	0.005566704	-15.27987	
H1_H3_H2	765822	922848	-0.09298797	-0.09298797	0.005942166	-15.64883	
H1_H3_H2	758752	903140	-0.0868817	-0.0868817	0.005732733	-15.15537	
H1_H3_H2	761908	902163	-0.08428426	-0.08428426	0.005824948	-14.46953	
H1_H3_H2	767404	903617	-0.08151483	-0.08151483	0.005860029	-13.91031	
H1_H3_H2	763081	907376	-0.08638055	-0.08638055	0.006021843	-14.34454	
H1_H3_H2	765368	898217	-0.07985706	-0.07985706	0.005913271	-13.50472	
H1_H3_H2	769389	917058	-0.08756219	-0.08756219	0.006080918	-14.3995	
H1_H3_H2	761721	907782	-0.08748771	-0.08748771	0.005864225	-14.91889	
H1_H3_H2	761777	904994	-0.08592482	-0.08592482	0.005694363	-15.08945	
H1_H3_H2	763898	922438	-0.09401448	-0.09401448	0.006018272	-15.62151	
H1_H3_H2	758825	904304	-0.08747307	-0.08747307	0.005871738	-14.8973	
H1_H3_H2	760611	902130	-0.08511187	-0.08511187	0.005931831	-14.34833	
H1_H3_H2	768682	906261	-0.08213951	-0.08213951	0.005947069	-13.81176	
H1_H3_H2	765172	906671	-0.08463654	-0.08463654	0.00610001	-13.87482	
H1_H3_H2	766703	896638	-0.07811687	-0.07811687	0.005995647	-13.02893	
H1_H3_H2	769140	914032	-0.08608271	-0.08608271	0.006147609	-14.00263	
H1_H3_H2	763762	906871	-0.08566154	-0.08566154	0.005923887	-14.46036	
H1_H3_H2	762075	902257	-0.08422719	-0.08422719	0.005743505	-14.66477	
H1_H3_H2	766270	921759	-0.09211275	-0.09211275	0.006078517	-15.15382	
H1_H3_H2	758183	900863	-0.08600123	-0.08600123	0.005929504	-14.50395	
H1_H3_H2	761109	899747	-0.08347382	-0.08347382	0.005969494	-13.9834	
H1_H3_H2	767916	902419	-0.08052457	-0.08052457	0.00600777	-13.4034	
H1_H3_H2	770311	903623	-0.07963994	-0.07963994	0.006051566	-13.16022	
H1_H3_H2	770258	899291	-0.07728614	-0.07728614	0.005855399	-13.19912	
H1_H3_H2	772707	913363	-0.0834224	-0.0834224	0.005924539	-14.08083	
H1_H3_H2	765984	903999	-0.08264455	-0.08264455	0.005851814	-14.12289	
H1_H3_H2	766323	897242	-0.07869786	-0.07869786	0.005675799	-13.86551	
H1_H3_H2	771607	919530	-0.08746955	-0.08746955	0.006034048	-14.496	
H1_H3_H2	766115	900075	-0.08039899	-0.08039899	0.00588144	-13.66995	
H1_H3_H2	765284	904181	-0.08319851	-0.08319851	0.005941117	-14.00385	
H1_H3_H2	774058	902684	-0.07671186	-0.07671186	0.006106792	-12.56173	
H1_H3_H2	775004	900644	-0.07497995	-0.07497995	0.006155869	-12.18024	
H1_H3_H2	773797	895175	-0.07272621	-0.07272621	0.00598315	-12.15517	
H1_H3_H2	778801	911627	-0.07857537	-0.07857537	0.006027089	-13.03703	
H1_H3_H2	770702	901392	-0.07815948	-0.07815948	0.005978112	-13.07428	
H1_H3_H2	772055	895875	-0.07423573	-0.07423573	0.005840967	-12.70949	
H1_H3_H2	774586	914903	-0.08305292	-0.08305292	0.006125812	-13.55786	
H1_H3_H2	771108	897377	-0.07567883	-0.07567883	0.006010263	-12.5916	
H1_H3_H2	767894	899314	-0.0788264	-0.0788264	0.006046618	-13.03644	
H1_H3_H2	780367	901685	-0.072125	-0.072125	0.006218464	-11.59852	
H1_H3_H2	773727	902755	-0.07696355	-0.07696355	0.00617755	-12.45859	
H1_H3_H2	771911	896762	-0.07482053	-0.07482053	0.006015839	-12.43726	
H1_H3_H2	775131	911266	-0.08072536	-0.08072536	0.006059188	-13.3228	
H1_H3_H2	768668	902428	-0.08004328	-0.08004328	0.00597082	-13.40574	
H1_H3_H2	768452	895265	-0.0762227	-0.0762227	0.005827969	-13.07878	
H1_H3_H2	773393	917155	-0.0850387	-0.0850387	0.006146366	-13.8356	
H1_H3_H2	766859	896418	-0.07789382	-0.07789382	0.006003013	-12.97579	
H1_H3_H2	766441	901226	-0.08082249	-0.08082249	0.006048814	-13.36171	
H1_H3_H2	776077	900184	-0.07403799	-0.07403799	0.006218957	-11.90521	
H1_H2_H3	762310	912164	-0.08949318	-0.08949318	0.005933654	-15.0823	
H1_H2_H3	764518	912755	-0.08837977	-0.08837977	0.00606724	-14.56672	
H1_H2_H3	763951	901609	-0.08264968	-0.08264968	0.005950406	-13.88976	
H1_H2_H3	762380	915400	-0.09120385	-0.09120385	0.005803606	-15.71503	
H1_H2_H3	760242	914067	-0.09187372	-0.09187372	0.005676273	-16.18557	
H1_H2_H3	759441	897658	-0.08340902	-0.08340902	0.00598779	-13.92985	
H1_H2_H3	758505	910946	-0.09131205	-0.09131205	0.005861449	-15.57841	
H1_H2_H3	759308	912059	-0.09139285	-0.09139285	0.005831613	-15.67197	
H1_H2_H3	761297	909040	-0.08845101	-0.08845101	0.005999373	-14.74338	
H1_H2_H3	776117	908829	-0.07876336	-0.07876336	0.00594412	-13.25063	
H1_H2_H3	779462	910813	-0.07770984	-0.07770984	0.005973371	-13.00938	
H1_H2_H3	778584	899143	-0.07185853	-0.07185853	0.005833445	-12.31837	
H1_H2_H3	776538	912008	-0.08022879	-0.08022879	0.005742335	-13.97146	
H1_H2_H3	774051	910130	-0.08079832	-0.08079832	0.005618783	-14.38004	
H1_H2_H3	777568	898418	-0.07210681	-0.07210681	0.005976937	-12.06417	
H1_H2_H3	770308	906005	-0.08094968	-0.08094968	0.00584013	-13.86094	
H1_H2_H3	773100	909167	-0.08088312	-0.08088312	0.005822623	-13.89118	
H1_H2_H3	778355	908769	-0.07729959	-0.07729959	0.005925406	-13.04545	
H1_H2_H3	761880	938032	-0.1036242	-0.1036242	0.005459443	-18.98072	
H1_H2_H3	764892	939392	-0.102389	-0.102389	0.005615039	-18.23479	
H1_H2_H3	767158	930852	-0.09640344	-0.09640344	0.005514089	-17.48311	
H1_H2_H3	758877	937333	-0.1052087	-0.1052087	0.005278908	-19.93001	
H1_H2_H3	760321	939776	-0.1055557	-0.1055557	0.005151724	-20.4894	
H1_H2_H3	764586	928316	-0.09671558	-0.09671558	0.005536344	-17.46921	
H1_H2_H3	757432	936076	-0.1054875	-0.1054875	0.005535647	-19.05605	
H1_H2_H3	758435	937538	-0.1056049	-0.1056049	0.005438547	-19.41785	
H1_H2_H3	765974	939508	-0.1017507	-0.1017507	0.005731572	-17.75267	
H1_H2_H3	752610	929318	-0.1050628	-0.1050628	0.005654848	-18.57924	
H1_H2_H3	754538	929110	-0.1036868	-0.1036868	0.00576507	-17.98534	
H1_H2_H3	759142	923776	-0.09782651	-0.09782651	0.005617537	-17.41448	
H1_H2_H3	748970	928087	-0.1068044	-0.1068044	0.005389772	-19.81612	
H1_H2_H3	749340	929222	-0.1071643	-0.1071643	0.005256459	-20.38717	
H1_H2_H3	756435	921503	-0.09837551	-0.09837551	0.005696908	-17.26823	
H1_H2_H3	749160	928284	-0.1067839	-0.1067839	0.005661139	-18.86262	
H1_H2_H3	750178	930108	-0.107083	-0.107083	0.00555795	-19.26663	
H1_H2_H3	755052	929418	-0.1035139	-0.1035139	0.0056831	-18.21433	
H1_H2_H3	762524	931757	-0.09988485	-0.09988485	0.005485604	-18.20854	
H1_H2_H3	764301	932299	-0.09902039	-0.09902039	0.005581341	-17.74133	
H1_H2_H3	770053	927046	-0.09250668	-0.09250668	0.005560823	-16.63543	
H1_H2_H3	760183	931794	-0.1014263	-0.1014263	0.005355346	-18.93926	
H1_H2_H3	760500	932984	-0.1018516	-0.1018516	0.005220112	-19.51138	
H1_H2_H3	764255	921510	-0.09328406	-0.09328406	0.005625372	-16.58274	
H1_H2_H3	759802	931836	-0.1016967	-0.1016967	0.005529598	-18.39134	
H1_H2_H3	758907	930808	-0.1017337	-0.1017337	0.005506533	-18.4751	
H1_H2_H3	766864	933607	-0.09805695	-0.09805695	0.00576337	-17.01382	
H1_H2_H3	759721	901490	-0.08534075	-0.08534075	0.005994568	-14.23635	
H1_H2_H3	761175	901646	-0.08447752	-0.08447752	0.006064263	-13.93039	
H1_H2_H3	766018	895800	-0.0780964	-0.0780964	0.006085409	-12.83338	
H1_H2_H3	757946	902941	-0.08729974	-0.08729974	0.005832876	-14.96684	
H1_H2_H3	757216	903085	-0.08785696	-0.08785696	0.005691902	-15.43543	
H1_H2_H3	759355	889732	-0.07906011	-0.07906011	0.006042851	-13.08325	
H1_H2_H3	755808	900263	-0.08722754	-0.08722754	0.005942969	-14.67744	
H1_H2_H3	755308	900216	-0.08752999	-0.08752999	0.005918257	-14.78983	
H1_H2_H3	763660	902904	-0.08355155	-0.08355155	0.006071209	-13.76193	
H1_H2_H3	822407	866381	-0.02603879	-0.02603879	0.006263308	-4.157354	
H1_H2_H3	822937	866083	-0.02554499	-0.02554499	0.006471195	-3.947492	
H1_H2_H3	826825	859231	-0.01922	-0.01922	0.006497099	-2.958244	
H1_H2_H3	818678	865798	-0.02797309	-0.02797309	0.006209444	-4.504927	
H1_H2_H3	818846	866907	-0.02851011	-0.02851011	0.006092063	-4.679877	
H1_H2_H3	827208	859550	-0.01917406	-0.01917406	0.006518329	-2.941561	
H1_H2_H3	815606	862693	-0.02805638	-0.02805638	0.006314516	-4.443157	
H1_H2_H3	818511	865776	-0.02806232	-0.02806232	0.00642206	-4.369675	
H1_H2_H3	823614	865315	-0.0246908	-0.0246908	0.006503509	-3.796534	
H1_H2_H3	763173	912432	-0.08907768	-0.08907768	0.005791496	-15.38077	
H1_H2_H3	767149	914799	-0.08778512	-0.08778512	0.005947	-14.76124	
H1_H2_H3	769178	906333	-0.08185861	-0.08185861	0.005908449	-13.8545	
H1_H2_H3	762520	914205	-0.09046504	-0.09046504	0.005658869	-15.98642	
H1_H2_H3	761837	914505	-0.09107211	-0.09107211	0.00549832	-16.56362	
H1_H2_H3	765822	902737	-0.08205583	-0.08205583	0.005953242	-13.78339	
H1_H2_H3	758752	910855	-0.09110108	-0.09110108	0.005760953	-15.81354	
H1_H2_H3	761908	914139	-0.09082741	-0.09082741	0.005741577	-15.81924	
H1_H2_H3	767404	913860	-0.08711065	-0.08711065	0.006012681	-14.48782	
H1_H2_H3	770311	911810	-0.08411939	-0.08411939	0.005989056	-14.04552	
H1_H2_H3	770258	910638	-0.08351498	-0.08351498	0.005985644	-13.95255	
H1_H2_H3	772707	902403	-0.07742536	-0.07742536	0.006002193	-12.89951	
H1_H2_H3	765984	910516	-0.08621056	-0.08621056	0.005711272	-15.09481	
H1_H2_H3	766323	911840	-0.08671208	-0.08671208	0.005624242	-15.41756	
H1_H2_H3	771607	900871	-0.07728891	-0.07728891	0.006055408	-12.76362	
H1_H2_H3	766115	910383	-0.08605319	-0.08605319	0.005996604	-14.35032	
H1_H2_H3	765284	909938	-0.08634915	-0.08634915	0.005888287	-14.66456	
H1_H2_H3	774058	913112	-0.08241849	-0.08241849	0.006162017	-13.37525	
H1_H2_H3	759946	909513	-0.0895901	-0.0895901	0.006010879	-14.90466	
H1_H2_H3	763007	913703	-0.08987601	-0.08987601	0.006157145	-14.59703	
H1_H2_H3	763588	898928	-0.08140674	-0.08140674	0.00602822	-13.50427	
H1_H2_H3	760920	912862	-0.09077765	-0.09077765	0.005865483	-15.47659	
H1_H2_H3	758918	910674	-0.09089406	-0.09089406	0.005728794	-15.86618	
H1_H2_H3	757188	897369	-0.08472419	-0.08472419	0.006052789	-13.99754	
H1_H2_H3	757426	907955	-0.09038712	-0.09038712	0.005918819	-15.27114	
H1_H2_H3	756971	913068	-0.09346907	-0.09346907	0.005911574	-15.8112	
H1_H2_H3	761317	902547	-0.08488074	-0.08488074	0.005998649	-14.14997	
H1_H2_H3	774832	905851	-0.07795581	-0.07795581	0.006082885	-12.8156	
H1_H2_H3	777999	910757	-0.0786129	-0.0786129	0.006108797	-12.8688	
H1_H2_H3	779432	896564	-0.06988799	-0.06988799	0.005925057	-11.79533	
H1_H2_H3	775849	909200	-0.07913776	-0.07913776	0.005814382	-13.61069	
H1_H2_H3	773435	906257	-0.07907521	-0.07907521	0.005669834	-13.94665	
H1_H2_H3	776375	897970	-0.07262243	-0.07262243	0.006066785	-11.9705	
H1_H2_H3	770207	902802	-0.0792554	-0.0792554	0.005932473	-13.35959	
H1_H2_H3	770873	908897	-0.08216839	-0.08216839	0.005924486	-13.86929	
H1_H2_H3	779293	902267	-0.0731309	-0.0731309	0.005934765	-12.32246	
H1_H2_H3	762253	934893	-0.1017237	-0.1017237	0.005571059	-18.25931	
H1_H2_H3	764826	938900	-0.1021725	-0.1021725	0.005745283	-17.78372	
H1_H2_H3	769123	927481	-0.09333822	-0.09333822	0.005642832	-16.54102	
H1_H2_H3	760024	934519	-0.1029747	-0.1029747	0.005384706	-19.12355	
H1_H2_H3	761642	935909	-0.1026579	-0.1026579	0.005252544	-19.54441	
H1_H2_H3	764394	927099	-0.09619017	-0.09619017	0.005631808	-17.0798	
H1_H2_H3	758895	932719	-0.1027563	-0.1027563	0.005598411	-18.35455	
H1_H2_H3	758226	937478	-0.1057095	-0.1057095	0.005525601	-19.13086	
H1_H2_H3	769130	933003	-0.09627509	-0.09627509	0.005762437	-16.70736	
H1_H2_H3	752077	925790	-0.103532	-0.103532	0.005750974	-18.00252	
H1_H2_H3	753841	928264	-0.1036933	-0.1036933	0.005888476	-17.60953	
H1_H2_H3	759337	918925	-0.09509123	-0.09509123	0.005713857	-16.64221	
H1_H2_H3	748715	924527	-0.1050727	-0.1050727	0.005481156	-19.1698	
H1_H2_H3	749745	925086	-0.1046918	-0.1046918	0.005339676	-19.60639	
H1_H2_H3	755335	919798	-0.09817907	-0.09817907	0.005798501	-16.9318	
H1_H2_H3	749654	924367	-0.1043673	-0.1043673	0.00575394	-18.1384	
H1_H2_H3	749127	929598	-0.1075048	-0.1075048	0.005650131	-19.02696	
H1_H2_H3	755977	921328	-0.09858136	-0.09858136	0.005708013	-17.2707	
H1_H2_H3	764789	927009	-0.09588615	-0.09588615	0.00559144	-17.14874	
H1_H2_H3	766068	930033	-0.09667172	-0.09667172	0.005718434	-16.90528	
H1_H2_H3	774245	922501	-0.08737666	-0.08737666	0.005666999	-15.41851	
H1_H2_H3	763400	927589	-0.09709643	-0.09709643	0.005437087	-17.85817	
H1_H2_H3	763737	927649	-0.09690987	-0.09690987	0.005299483	-18.28667	
H1_H2_H3	766001	918602	-0.09058573	-0.09058573	0.005717793	-15.84278	
H1_H2_H3	762840	926291	-0.09676633	-0.09676633	0.005568043	-17.37888	
H1_H2_H3	760856	929578	-0.09980987	-0.09980987	0.005535451	-18.03103	
H1_H2_H3	771829	925686	-0.09063661	-0.09063661	0.005774363	-15.69638	
H1_H2_H3	760223	899969	-0.0841746	-0.0841746	0.006113911	-13.76772	
H1_H2_H3	760587	901994	-0.0850527	-0.0850527	0.006129216	-13.8766	
H1_H2_H3	766902	892708	-0.07580456	-0.07580456	0.006101426	-12.42407	
H1_H2_H3	758697	901236	-0.08587033	-0.08587033	0.005921198	-14.50219	
H1_H2_H3	757588	899878	-0.08584791	-0.08584791	0.005774607	-14.86645	
H1_H2_H3	759654	890456	-0.07926865	-0.07926865	0.006118458	-12.95566	
H1_H2_H3	757390	898232	-0.08506893	-0.08506893	0.006032654	-14.10141	
H1_H2_H3	754745	901362	-0.08853112	-0.08853112	0.005997783	-14.76064	
H1_H2_H3	766042	897392	-0.07896316	-0.07896316	0.006079947	-12.98747	
H1_H2_H3	823292	863473	-0.02382134	-0.02382134	0.006315199	-3.772065	
H1_H2_H3	823034	865006	-0.02486434	-0.02486434	0.006557323	-3.791843	
H1_H2_H3	829060	855635	-0.01577437	-0.01577437	0.006538752	-2.412443	
H1_H2_H3	819603	862086	-0.0252621	-0.0252621	0.006239553	-4.048704	
H1_H2_H3	820296	862615	-0.02514631	-0.02514631	0.006116534	-4.111202	
H1_H2_H3	827994	858724	-0.01821881	-0.01821881	0.006575162	-2.770854	
H1_H2_H3	817394	858821	-0.02471461	-0.02471461	0.006364712	-3.883068	
H1_H2_H3	818891	865972	-0.02794352	-0.02794352	0.006508954	-4.293089	
H1_H2_H3	826938	858592	-0.01877985	-0.01877985	0.006507797	-2.885746	
H1_H2_H3	763081	911172	-0.08845198	-0.08845198	0.005913786	-14.95691	
H1_H2_H3	765368	914962	-0.08902656	-0.08902656	0.006101034	-14.59204	
H1_H2_H3	769389	903570	-0.08020579	-0.08020579	0.006050745	-13.25552	
H1_H2_H3	761721	911783	-0.08966934	-0.08966934	0.005758186	-15.5725	
H1_H2_H3	761777	911776	-0.08962907	-0.08962907	0.005598432	-16.00967	
H1_H2_H3	763898	902258	-0.08304144	-0.08304144	0.006055099	-13.7143	
H1_H2_H3	758825	908244	-0.08962976	-0.08962976	0.005840669	-15.34581	
H1_H2_H3	760611	915354	-0.09233069	-0.09233069	0.005853208	-15.77437	
H1_H2_H3	768682	908169	-0.0831839	-0.0831839	0.006003014	-13.85702	
H1_H2_H3	775004	906776	-0.0783527	-0.0783527	0.006142313	-12.75622	
H1_H2_H3	773797	907523	-0.07953632	-0.07953632	0.00611276	-13.01152	
H1_H2_H3	778801	896646	-0.07033645	-0.07033645	0.006145513	-11.44517	
H1_H2_H3	770702	904864	-0.08006966	-0.08006966	0.005866085	-13.64959	
H1_H2_H3	772055	905893	-0.0797629	-0.0797629	0.00579331	-13.7681	
H1_H2_H3	774586	896172	-0.07277296	-0.07277296	0.006135824	-11.86034	
H1_H2_H3	771108	903973	-0.07931855	-0.07931855	0.006133427	-12.93218	
H1_H2_H3	767894	906169	-0.08259844	-0.08259844	0.006014685	-13.7328	
H1_H2_H3	780367	903451	-0.07309816	-0.07309816	0.006206818	-11.77708	
H1_H2_H3	760000	911839	-0.09082154	-0.09082154	0.006056574	-14.99553	
H1_H2_H3	763079	919172	-0.09278817	-0.09278817	0.006242599	-14.86371	
H1_H2_H3	761961	904199	-0.08536875	-0.08536875	0.006086272	-14.02644	
H1_H2_H3	760765	915430	-0.09227148	-0.09227148	0.0058483	-15.77749	
H1_H2_H3	757900	915625	-0.09424717	-0.09424717	0.005730901	-16.44544	
H1_H2_H3	757147	898006	-0.08510331	-0.08510331	0.006030484	-14.11219	
H1_H2_H3	755059	914692	-0.09560288	-0.09560288	0.005946056	-16.07837	
H1_H2_H3	756828	915165	-0.09469956	-0.09469956	0.005952831	-15.90832	
H1_H2_H3	757929	910479	-0.09143447	-0.09143447	0.006076988	-15.04602	
H1_H2_H3	775497	909015	-0.07926212	-0.07926212	0.006046285	-13.10923	
H1_H2_H3	777201	915442	-0.08167168	-0.08167168	0.00612105	-13.34276	
H1_H2_H3	777116	901293	-0.07398495	-0.07398495	0.005940308	-12.45473	
H1_H2_H3	776410	912723	-0.08069998	-0.08069998	0.005845341	-13.80586	
H1_H2_H3	772168	911179	-0.08258012	-0.08258012	0.005703473	-14.47892	
H1_H2_H3	776088	898704	-0.07321267	-0.07321267	0.006047157	-12.10696	
H1_H2_H3	767684	909628	-0.08462588	-0.08462588	0.005935702	-14.2571	
H1_H2_H3	771526	912297	-0.08360202	-0.08360202	0.005947981	-14.05553	
H1_H2_H3	776334	910416	-0.07949133	-0.07949133	0.006067534	-13.10109	
H1_H2_H3	760754	938079	-0.1043805	-0.1043805	0.005496405	-18.99068	
H1_H2_H3	762195	943982	-0.1065464	-0.1065464	0.005754359	-18.51577	
H1_H2_H3	765213	932957	-0.09877927	-0.09877927	0.005599156	-17.64182	
H1_H2_H3	757389	937105	-0.1060588	-0.1060588	0.005306491	-19.98662	
H1_H2_H3	757718	940475	-0.1076185	-0.1076185	0.005172052	-20.8077	
H1_H2_H3	763151	929147	-0.09808911	-0.09808911	0.00557573	-17.59216	
H1_H2_H3	754148	939381	-0.1093769	-0.1093769	0.005510121	-19.85019	
H1_H2_H3	755810	939971	-0.1085995	-0.1085995	0.005459336	-19.89244	
H1_H2_H3	764190	941817	-0.1041186	-0.1041186	0.005792316	-17.97529	
H1_H2_H3	751595	928551	-0.1053218	-0.1053218	0.005713143	-18.435	
H1_H2_H3	752587	933242	-0.1071609	-0.1071609	0.00591003	-18.13204	
H1_H2_H3	756916	924347	-0.09958644	-0.09958644	0.005717912	-17.41657	
H1_H2_H3	747801	927133	-0.1070681	-0.1070681	0.005436454	-19.69447	
H1_H2_H3	747794	929990	-0.1085932	-0.1085932	0.005291721	-20.52135	
H1_H2_H3	754733	921025	-0.0992339	-0.0992339	0.005770013	-17.19821	
H1_H2_H3	746145	930837	-0.1101336	-0.1101336	0.005681366	-19.38505	
H1_H2_H3	747812	931962	-0.1096278	-0.1096278	0.005633858	-19.45875	
H1_H2_H3	752306	929675	-0.1054524	-0.1054524	0.005744938	-18.35571	
H1_H2_H3	764318	929589	-0.09756793	-0.09756793	0.0055168	-17.6856	
H1_H2_H3	764599	934504	-0.09999688	-0.09999688	0.005700868	-17.54064	
H1_H2_H3	771382	927136	-0.09169994	-0.09169994	0.005634092	-16.2759	
H1_H2_H3	762460	929962	-0.09897177	-0.09897177	0.005383073	-18.38574	
H1_H2_H3	761587	932054	-0.1006512	-0.1006512	0.005249059	-19.17509	
H1_H2_H3	765897	919890	-0.09134784	-0.09134784	0.005648643	-16.17164	
H1_H2_H3	759639	932845	-0.1023383	-0.1023383	0.005497408	-18.61574	
H1_H2_H3	759726	931431	-0.1015311	-0.1015311	0.005524754	-18.37749	
H1_H2_H3	767903	933506	-0.09733286	-0.09733286	0.005759891	-16.89839	
H1_H2_H3	760293	902413	-0.08547512	-0.08547512	0.006110948	-13.98721	
H1_H2_H3	760020	906969	-0.08815235	-0.08815235	0.006269143	-14.06131	
H1_H2_H3	764620	897494	-0.07994277	-0.07994277	0.006115165	-13.07287	
H1_H2_H3	757747	903152	-0.08754596	-0.08754596	0.005899874	-14.83861	
H1_H2_H3	755636	904127	-0.08946518	-0.08946518	0.005769304	-15.5071	
H1_H2_H3	758874	890658	-0.07989175	-0.07989175	0.006071528	-13.15843	
H1_H2_H3	754096	904154	-0.09049178	-0.09049178	0.006014621	-15.0453	
H1_H2_H3	754421	903384	-0.08985556	-0.08985556	0.005994367	-14.99	
H1_H2_H3	762773	905550	-0.08558115	-0.08558115	0.006188181	-13.82977	
H1_H2_H3	824596	864948	-0.02388337	-0.02388337	0.006349619	-3.761386	
H1_H2_H3	823985	869420	-0.02683056	-0.02683056	0.006647294	-4.036313	
H1_H2_H3	828057	859645	-0.01871657	-0.01871657	0.006547603	-2.858538	
H1_H2_H3	820855	864105	-0.02566827	-0.02566827	0.006219173	-4.12728	
H1_H2_H3	819787	866368	-0.02762557	-0.02762557	0.006116451	-4.516602	
H1_H2_H3	829464	858935	-0.017455	-0.017455	0.006559417	-2.661059	
H1_H2_H3	816253	865032	-0.02901293	-0.02901293	0.006375976	-4.550351	
H1_H2_H3	819582	866915	-0.02806587	-0.02806587	0.006482176	-4.329698	
H1_H2_H3	824529	865313	-0.0241348	-0.0241348	0.006531909	-3.694907	
H1_H2_H3	765172	912442	-0.08778539	-0.08778539	0.005983352	-14.67161	
H1_H2_H3	766703	918477	-0.09006397	-0.09006397	0.00625043	-14.40924	
H1_H2_H3	769140	907354	-0.08244229	-0.08244229	0.006100281	-13.51451	
H1_H2_H3	763762	913487	-0.0892682	-0.0892682	0.005790212	-15.41709	
H1_H2_H3	762075	915047	-0.09121102	-0.09121102	0.005653839	-16.13258	
H1_H2_H3	766270	902336	-0.08154471	-0.08154471	0.006059543	-13.45724	
H1_H2_H3	758183	913754	-0.09304836	-0.09304836	0.005891856	-15.79271	
H1_H2_H3	761109	915174	-0.09190871	-0.09190871	0.005881463	-15.62684	
H1_H2_H3	767916	915497	-0.08766773	-0.08766773	0.006200866	-14.13798	
H1_H2_H3	773727	910513	-0.08121527	-0.08121527	0.00614464	-13.21725	
H1_H2_H3	771911	913878	-0.08421398	-0.08421398	0.006231156	-13.51499	
H1_H2_H3	775131	902755	-0.07606238	-0.07606238	0.006179396	-12.30903	
H1_H2_H3	768668	908254	-0.08323941	-0.08323941	0.005808831	-14.32981	
H1_H2_H3	768452	911311	-0.08504712	-0.08504712	0.005774249	-14.72869	
H1_H2_H3	773393	898951	-0.07507905	-0.07507905	0.006154313	-12.19942	
H1_H2_H3	766859	911828	-0.08635856	-0.08635856	0.006103032	-14.15011	
H1_H2_H3	766441	909924	-0.08559174	-0.08559174	0.00600425	-14.25519	
H1_H2_H3	776077	913207	-0.0811764	-0.0811764	0.00629301	-12.89946	
