20	10000	20000	0.9409773406
20	20000	30000	0.7272177123
20	30000	40000	0.9054359424
20	40000	50000	0.3760602657
20	50000	60000	0.4130555913
20	60000	70000	0.2428890483
20	70000	80000	0.007928524054
20	80000	90000	0.4629953925
20	90000	100000	-0.009775065486
20	100000	110000	0.4458772485
20	110000	120000	0.2553926091
20	120000	130000	-0.1526993865
20	130000	140000	-0.3172690282
20	140000	150000	0.6396651457
20	150000	160000	-0.09921421938
20	160000	170000	0.6630619614
20	170000	180000	0.113095289
20	180000	190000	-0.01116489668
20	190000	200000	0.1281876716
20	200000	210000	-0.2488337994
20	210000	220000	-0.4416235725
20	220000	230000	-0.4557954537
20	230000	240000	-0.1768858871
20	240000	250000	0.2462031831
20	250000	260000	-0.06677464845
20	260000	270000	0.865360506
20	270000	280000	1.09643404
20	280000	290000	-0.09719229211
20	290000	300000	-0.2868165102
20	300000	310000	-0.6200977187
20	310000	320000	-0.5928995808
20	320000	330000	-1.23092147
20	330000	340000	-0.5183601678
20	340000	350000	-0.6238365524
20	350000	360000	-1.039113595
20	360000	370000	-1.297494988
20	370000	380000	-0.591613878
20	380000	390000	-0.5386342478
20	390000	400000	-0.7703482623
20	400000	410000	-0.8386670997
20	410000	420000	-0.3865375791
20	420000	430000	-0.5538296073
20	430000	440000	-0.5984296476
20	440000	450000	-0.4705138222
20	450000	460000	-0.3831901072
20	460000	470000	-0.03650478163
20	470000	480000	-0.01835922554
20	480000	490000	-0.6486798983
20	490000	500000	-0.7522900909
20	500000	510000	-0.3564693
20	510000	520000	-0.5014167545
20	520000	530000	0.04490495805
20	530000	540000	0.1273629479
20	540000	550000	-0.2209322324
20	550000	560000	-0.1587434337
20	560000	570000	-0.1513806419
20	570000	580000	-0.8067892966
20	580000	590000	-0.238000255
20	590000	600000	-0.500544619
20	600000	610000	-0.257758689
20	610000	620000	0.04616833416
20	620000	630000	0.02468550918
20	630000	640000	-0.2333259682
20	640000	650000	-0.2175501667
20	650000	660000	0.1012480126
20	660000	670000	-0.1893050785
20	670000	680000	-0.3244213527
20	680000	690000	0.2267704941
20	690000	700000	0.199533564
20	700000	710000	-0.0437453706
20	710000	720000	0.2366675344
20	720000	730000	-0.344155663
20	730000	740000	-0.2578376621
20	740000	750000	-0.2884420162
20	750000	760000	-0.1949543323
20	760000	770000	0.04906426152
20	770000	780000	0.4839342136
20	780000	790000	0.4972117677
20	790000	800000	0.1510528419
20	800000	810000	0.1328981711
20	810000	820000	0.3245631476
20	820000	830000	0.3446687653
20	830000	840000	0.3160959344
20	840000	850000	0.1173889983
20	850000	860000	-0.03310254282
20	860000	870000	-0.01816925206
20	870000	880000	0.1086106511
20	880000	890000	-0.2981674846
20	890000	900000	-0.1834162064
20	900000	910000	-0.5310268061
20	910000	920000	-0.2543526833
20	920000	930000	-0.2276072486
20	930000	940000	-0.355285276
20	940000	950000	-0.3673447086
20	950000	960000	-0.0001250238342
20	960000	970000	-0.08483993807
20	970000	980000	0.005739664738
20	980000	990000	-0.4303320568
20	990000	1000000	-0.2312082217
20	1000000	1010000	-0.5149720815
20	1010000	1020000	-0.2937637501
20	1020000	1030000	-0.2709665422
20	1030000	1040000	-0.3983300216
20	1040000	1050000	-0.406203768
20	1050000	1060000	-0.2567117232
20	1060000	1070000	-0.7367912546
20	1070000	1080000	0.1578632848
20	1080000	1090000	-0.007717706875
20	1090000	1100000	-0.510434366
20	1100000	1110000	-0.630981468
20	1110000	1120000	-0.3784658449
20	1120000	1130000	-0.2571751017
20	1130000	1140000	0.773166689
20	1140000	1150000	1.156229916
20	1150000	1160000	0.9675142687
20	1160000	1170000	0.3903582218
20	1170000	1180000	-0.3070783668
20	1180000	1190000	-0.266391961
20	1190000	1200000	-0.1078586867
20	1200000	1210000	-0.1569341716
20	1210000	1220000	0.01286446668
20	1220000	1230000	-0.01432051011
20	1230000	1240000	-0.2366652407
20	1240000	1250000	-0.1832669895
20	1250000	1260000	-0.1459776482
20	1260000	1270000	0.3023975678
20	1270000	1280000	0.2765872108
20	1280000	1290000	0.5717258206
20	1290000	1300000	0.3602569849
20	1300000	1310000	1.465596029
20	1310000	1320000	1.702181014
20	1320000	1330000	1.395365694
20	1330000	1340000	0.5419205698
20	1340000	1350000	1.193932398
20	1350000	1360000	0.02017279626
20	1360000	1370000	0.3587191929
20	1370000	1380000	0.2091207248
20	1380000	1390000	-0.09349983148
20	1390000	1400000	-0.1142869453
20	1400000	1410000	-0.02083799117
20	1410000	1420000	-0.2565469745
20	1420000	1430000	0.09999842336
20	1430000	1440000	0.147762795
20	1440000	1450000	-0.06331801577
20	1450000	1460000	-0.01596615278
20	1460000	1470000	-0.3604069351
20	1470000	1480000	-0.08389780609
20	1480000	1490000	-0.20279701
20	1490000	1500000	-0.03996859238
20	1500000	1510000	-0.2673178399
20	1510000	1520000	-0.4865477053
20	1520000	1530000	-0.08229547683
20	1530000	1540000	-0.1963724965
20	1540000	1550000	0.3882395351
20	1550000	1560000	1.337216075
20	1560000	1570000	1.32458612
20	1570000	1580000	1.591961325
20	1580000	1590000	2.431316959
20	1590000	1600000	0.03308975789
20	1600000	1610000	1.238702436
20	1610000	1620000	0.2825707603
20	1620000	1630000	0.3186872167
20	1630000	1640000	0.2337772849
20	1640000	1650000	0.5389557648
20	1650000	1660000	0.2533340064
20	1660000	1670000	1.181270199
20	1670000	1680000	2.124951621
20	1680000	1690000	1.797923391
20	1690000	1700000	1.763138725
20	1700000	1710000	2.046719775
20	1710000	1720000	1.668665848
20	1720000	1730000	-0.1314512768
20	1730000	1740000	0.2791889223
20	1740000	1750000	0.1861238321
20	1750000	1760000	0.2600574011
20	1760000	1770000	-0.5457729045
20	1770000	1780000	-0.1914885096
20	1780000	1790000	-0.3799855856
20	1790000	1800000	-0.05168018936
20	1800000	1810000	-0.2000645857
20	1810000	1820000	-0.1042081174
20	1820000	1830000	-0.1877892538
20	1830000	1840000	0.04367544062
20	1840000	1850000	-0.2109845302
20	1850000	1860000	0.05440426837
20	1860000	1870000	-0.2773074815
20	1870000	1880000	-0.1407500298
20	1880000	1890000	-0.03633725833
20	1890000	1900000	0.08882923033
20	1900000	1910000	0.07876714933
20	1910000	1920000	0.6177118137
20	1920000	1930000	0.02197649753
20	1930000	1940000	0.1011659986
20	1940000	1950000	-0.07568761395
20	1950000	1960000	0.001436528014
20	1960000	1970000	0.9704591463
20	1970000	1980000	1.547440979
20	1980000	1990000	-0.0283236513
20	1990000	2000000	-0.1335538036
20	2000000	2010000	-0.09986227625
20	2010000	2020000	0.04079116278
20	2020000	2030000	-0.3269064191
20	2030000	2040000	-0.02754801466
20	2040000	2050000	-0.1890452695
20	2050000	2060000	0.2100855589
20	2060000	2070000	-0.04000936204
20	2070000	2080000	-0.1531735463
20	2080000	2090000	0.01151701024
20	2090000	2100000	-0.3097191158
20	2100000	2110000	-0.2501687671
20	2110000	2120000	0.288101561
20	2120000	2130000	0.0920891712
20	2130000	2140000	0.08594190372
20	2140000	2150000	0.1819260251
20	2150000	2160000	0.1583175483
20	2160000	2170000	-0.05293393875
20	2170000	2180000	-0.2146679921
20	2180000	2190000	0.8492992131
20	2190000	2200000	2.311770797
20	2200000	2210000	0.08203271317
20	2210000	2220000	-0.2282405177
20	2220000	2230000	-0.3467861884
20	2230000	2240000	-0.4264340215
20	2240000	2250000	-0.0266417273
20	2250000	2260000	0.1159894753
20	2260000	2270000	-0.09054135438
20	2270000	2280000	-0.07595904581
20	2280000	2290000	-0.4117707555
20	2290000	2300000	0.1899482696
20	2300000	2310000	0.2228846905
20	2310000	2320000	-0.05350862955
20	2320000	2330000	-0.1418653875
20	2330000	2340000	-0.08348339763
20	2340000	2350000	0.007124839286
20	2350000	2360000	0.1823578745
20	2360000	2370000	0.2983302338
20	2370000	2380000	0.7162704362
20	2380000	2390000	-0.09884983194
20	2390000	2400000	-0.1457820172
20	2400000	2410000	-0.09551667084
20	2410000	2420000	-0.03408268328
20	2420000	2430000	-0.08057291767
20	2430000	2440000	-0.01525437406
20	2440000	2450000	-0.3062809465
20	2450000	2460000	-0.1898683732
20	2460000	2470000	-0.2183604426
20	2470000	2480000	-0.2141847783
20	2480000	2490000	0.004280414549
20	2490000	2500000	-0.2390936602
20	2500000	2510000	-0.1090769512
20	2510000	2520000	0.1151386883
20	2520000	2530000	-0.2335807653
20	2530000	2540000	-0.3049352857
20	2540000	2550000	-0.1792167328
20	2550000	2560000	0.7035096406
20	2560000	2570000	0.4372112923
20	2570000	2580000	-0.1082072954
20	2580000	2590000	0.1644785619
20	2590000	2600000	-0.1042975638
20	2600000	2610000	-0.07465058687
20	2610000	2620000	0.02465940219
20	2620000	2630000	0.02635887541
20	2630000	2640000	0.1070758477
20	2640000	2650000	0.2898279529
20	2650000	2660000	0.416437134
20	2660000	2670000	-0.1985031798
20	2670000	2680000	0.3063886658
20	2680000	2690000	0.9078418253
20	2690000	2700000	0.4657292173
20	2700000	2710000	-0.1256552325
20	2710000	2720000	0.6041518346
20	2720000	2730000	0.4576964485
20	2730000	2740000	0.01283532165
20	2740000	2750000	0.4398079385
20	2750000	2760000	0.1399689465
20	2760000	2770000	-0.02043757712
20	2770000	2780000	0.8174789037
20	2780000	2790000	-0.167712047
20	2790000	2800000	-0.137324664
20	2800000	2810000	-0.1871685658
20	2810000	2820000	0.07493474153
20	2820000	2830000	1.165946081
20	2830000	2840000	0.2892779673
20	2840000	2850000	0.1237077511
20	2850000	2860000	-0.4161643391
20	2860000	2870000	0.1493318156
20	2870000	2880000	-0.3579599901
20	2880000	2890000	-0.2618466951
20	2890000	2900000	0.2193632242
20	2900000	2910000	0.1390284754
20	2910000	2920000	-0.2021783766
20	2920000	2930000	-0.1470252064
20	2930000	2940000	0.2889833813
20	2940000	2950000	1.01416023
20	2950000	2960000	0.9357820137
20	2960000	2970000	-0.3815221648
20	2970000	2980000	-0.1111430251
20	2980000	2990000	-0.2444816699
20	2990000	3000000	-0.2880953015
20	3000000	3010000	0.1854986364
20	3010000	3020000	0.1962733711
20	3020000	3030000	0.8104050391
20	3030000	3040000	0.2112947439
20	3040000	3050000	0.2425001892
20	3050000	3060000	0.3141390828
20	3060000	3070000	0.02197594224
20	3070000	3080000	-0.1969821926
20	3080000	3090000	-0.3950070513
20	3090000	3100000	-0.08110623528
20	3100000	3110000	-0.5086387799
20	3110000	3120000	-0.505680148
20	3120000	3130000	-0.1433494201
20	3130000	3140000	-0.1768465367
20	3140000	3150000	-0.1407749935
20	3150000	3160000	-0.2675618055
20	3160000	3170000	0.3769863006
20	3170000	3180000	-0.3043851754
20	3180000	3190000	-0.4648136677
20	3190000	3200000	-0.5828102753
20	3200000	3210000	-0.3146254438
20	3210000	3220000	-0.2496660239
20	3220000	3230000	0.6188006346
20	3230000	3240000	0.7105644962
20	3240000	3250000	0.01362020866
20	3250000	3260000	0.0548984
20	3260000	3270000	0.2742401849
20	3270000	3280000	0.06460245613
20	3280000	3290000	0.1596171685
20	3290000	3300000	0.07434891882
20	3300000	3310000	0.1653407286
20	3310000	3320000	0.3028143198
20	3320000	3330000	0.1701563615
20	3330000	3340000	-0.2917545848
20	3340000	3350000	0.3421120283
20	3350000	3360000	0.7655597949
20	3360000	3370000	-0.1386881708
20	3370000	3380000	-0.06650671676
20	3380000	3390000	-0.3689663251
20	3390000	3400000	-0.154172133
20	3400000	3410000	0.07595182041
20	3410000	3420000	1.105981337
20	3420000	3430000	0.3142620111
20	3430000	3440000	0.3587844848
20	3440000	3450000	-0.002718043888
20	3450000	3460000	0.2026640624
20	3460000	3470000	0.9238865541
20	3470000	3480000	-0.1454706742
20	3480000	3490000	-0.4287577145
20	3490000	3500000	-0.113422075
20	3500000	3510000	-0.05747607773
20	3510000	3520000	0.377652598
20	3530000	3540000	0.1570783743
20	3540000	3550000	-0.1591065397
20	3550000	3560000	-0.03292838267
20	3560000	3570000	0.008085924683
20	3570000	3580000	0.1714078909
20	3580000	3590000	0.1696211975
20	3590000	3600000	0.04615792624
20	3600000	3610000	0.05288834888
20	3610000	3620000	1.00662592
20	3620000	3630000	0.701367329
20	3630000	3640000	1.120338871
20	3640000	3650000	0.2095808792
20	3650000	3660000	0.5894021976
20	3660000	3670000	0.6463022363
20	3670000	3680000	0.3288351406
20	3680000	3690000	-0.03804441476
20	3690000	3700000	0.1019316988
20	3700000	3710000	-0.3439976013
20	3710000	3720000	-0.188164235
20	3720000	3730000	0.2030218462
20	3730000	3740000	-0.03698922698
20	3740000	3750000	-0.02053497848
20	3750000	3760000	-0.1804947557
20	3760000	3770000	-0.09117326802
20	3770000	3780000	-0.2005451427
20	3780000	3790000	-0.07930575891
20	3790000	3800000	-0.1857077073
20	3800000	3810000	-0.1173213578
20	3810000	3820000	-0.2839572608
20	3820000	3830000	-0.07192642835
20	3830000	3840000	0.4366467175
20	3840000	3850000	0.1433608178
20	3850000	3860000	-0.1621163418
20	3860000	3870000	-0.2545294112
20	3870000	3880000	0.1064171285
20	3880000	3890000	0.3057794419
20	3890000	3900000	0.4728254368
20	3900000	3910000	0.2074099867
20	3910000	3920000	-0.09171772752
20	3920000	3930000	-0.6080355959
20	3930000	3940000	0.2487651865
20	3940000	3950000	0.0707912399
20	3950000	3960000	0.6906834637
20	3960000	3970000	0.4766992477
20	3970000	3980000	0.04375317617
20	3980000	3990000	0.06579658829
20	3990000	4000000	-0.2321474449
20	4000000	4010000	-0.3512575099
20	4010000	4020000	-0.02495091995
20	4020000	4030000	0.02961457213
20	4030000	4040000	-0.3167863289
20	4040000	4050000	-0.04531333432
20	4050000	4060000	-0.1076960814
20	4060000	4070000	-0.1605652197
20	4070000	4080000	0.1963418678
20	4080000	4090000	-0.3541001065
20	4090000	4100000	-0.4082001903
20	4100000	4110000	0.2105454822
20	4110000	4120000	0.1365952312
20	4120000	4130000	-0.1113423617
20	4130000	4140000	-0.04435396021
20	4140000	4150000	-0.1075871765
20	4150000	4160000	-0.07617880302
20	4160000	4170000	0.05925329407
20	4170000	4180000	-0.03348951112
20	4180000	4190000	-0.1740608438
20	4190000	4200000	-0.2960238477
20	4200000	4210000	-0.1656857409
20	4210000	4220000	-0.01296991294
20	4220000	4230000	-0.04637842587
20	4230000	4240000	-0.2912701125
20	4240000	4250000	-0.2311494467
20	4250000	4260000	-0.1155830007
20	4260000	4270000	0.194176952
20	4270000	4280000	0.02869007875
20	4280000	4290000	-0.2542848489
20	4290000	4300000	-0.4553356828
20	4300000	4310000	-0.2414365004
20	4310000	4320000	-0.5218252806
20	4320000	4330000	-0.4854681486
20	4330000	4340000	-0.5029794211
20	4340000	4350000	-0.6726178813
20	4350000	4360000	-0.1412485066
20	4360000	4370000	-0.04068367755
20	4370000	4380000	0.8734778388
20	4380000	4390000	-0.03819159767
20	4390000	4400000	-0.247199756
20	4400000	4410000	-0.04249997208
20	4410000	4420000	-0.4707427916
20	4420000	4430000	-0.1071332279
20	4430000	4440000	-0.2598947407
20	4440000	4450000	-0.4449827287
20	4450000	4460000	-0.199774049
20	4460000	4470000	-0.1583714048
20	4470000	4480000	0.1517881795
20	4480000	4490000	0.04147482176
20	4490000	4500000	0.09720324458
20	4500000	4510000	0.662980244
20	4510000	4520000	0.237245479
20	4520000	4530000	-0.07987148005
20	4530000	4540000	-0.6086303582
20	4540000	4550000	-0.3507972189
20	4550000	4560000	-0.5371798142
20	4560000	4570000	-0.02295333263
20	4570000	4580000	-0.3328429835
20	4580000	4590000	-0.3066488682
20	4590000	4600000	0.1199996759
20	4600000	4610000	-0.4359574273
20	4610000	4620000	0.07802796558
20	4620000	4630000	-0.1822144069
20	4630000	4640000	-0.5547114268
20	4640000	4650000	-0.4709554332
20	4650000	4660000	-0.2383179407
20	4660000	4670000	-0.4918597454
20	4670000	4680000	-0.6994186382
20	4680000	4690000	-0.7244269928
20	4690000	4700000	-0.09282335051
20	4700000	4710000	0.4289454275
20	4710000	4720000	0.3805059426
20	4720000	4730000	-0.2360842379
20	4730000	4740000	-0.3167525218
20	4740000	4750000	-0.1975346733
20	4750000	4760000	-0.1387231697
20	4760000	4770000	-0.1745818852
20	4770000	4780000	-0.1260330372
20	4780000	4790000	-0.2007588688
20	4790000	4800000	0.150029567
20	4800000	4810000	-0.2170612311
20	4810000	4820000	-0.3082635691
20	4820000	4830000	-0.237544881
20	4830000	4840000	-0.4002266635
20	4840000	4850000	-0.3714650067
20	4850000	4860000	-0.1581756554
20	4860000	4870000	-0.1927038853
20	4870000	4880000	0.1737926752
20	4880000	4890000	-0.1867982646
20	4890000	4900000	-0.271511626
20	4900000	4910000	-0.2762371442
20	4910000	4920000	-0.5388619174
20	4920000	4930000	-0.5476472793
20	4930000	4940000	-0.2855044056
20	4940000	4950000	-0.4098480803
20	4950000	4960000	-0.5207412232
20	4960000	4970000	-0.2042007074
20	4970000	4980000	-0.2664260284
20	4980000	4990000	0.09359885703
20	4990000	5000000	-0.2389806397
20	5000000	5010000	-0.2802916825
20	5010000	5020000	-0.5208557843
20	5020000	5030000	-0.4134186666
20	5030000	5040000	-0.3214719159
20	5040000	5050000	-0.1873722668
20	5050000	5060000	-0.2758343892
20	5060000	5070000	-0.5071965032
20	5070000	5080000	-0.1456204587
20	5080000	5090000	-0.171968035
20	5090000	5100000	-0.3718616116
20	5100000	5110000	0.07549871659
20	5110000	5120000	-0.007133253911
20	5120000	5130000	0.2492481279
20	5130000	5140000	-0.4209196644
20	5140000	5150000	1.097712556
20	5150000	5160000	0.4850458842
20	5160000	5170000	-0.2757049295
20	5170000	5180000	-0.2212222221
20	5180000	5190000	-0.3986973222
20	5190000	5200000	0.3055422589
20	5200000	5210000	-0.2538215525
20	5210000	5220000	0.09095046124
20	5220000	5230000	-0.0469944004
20	5230000	5240000	-0.109700407
20	5240000	5250000	-0.1314968907
20	5250000	5260000	0.1089489633
20	5260000	5270000	0.1089355674
20	5270000	5280000	0.09668746481
20	5280000	5290000	0.4872662868
20	5290000	5300000	0.4696337184
20	5300000	5310000	0.8130783584
20	5310000	5320000	-0.1968729312
20	5320000	5330000	-0.2589803161
20	5330000	5340000	-0.2310060806
20	5340000	5350000	-0.2955644768
20	5350000	5360000	-0.2924393243
20	5360000	5370000	0.03662362184
20	5370000	5380000	-0.1397557023
20	5380000	5390000	0.03618027431
20	5390000	5400000	-0.04230872941
20	5400000	5410000	-0.2326583601
20	5410000	5420000	0.2471028359
20	5420000	5430000	0.4010427731
20	5430000	5440000	1.068625689
20	5440000	5450000	-0.1677453824
20	5450000	5460000	0.2645064255
20	5460000	5470000	1.048778684
20	5470000	5480000	0.9694314127
20	5480000	5490000	1.606899402
20	5490000	5500000	0.6653834777
20	5500000	5510000	1.130030434
20	5510000	5520000	0.1576230323
20	5520000	5530000	0.021986364
20	5530000	5540000	0.6332622823
20	5540000	5550000	0.02279621855
20	5550000	5560000	-0.2246533665
20	5560000	5570000	0.553197581
20	5570000	5580000	0.3752982762
20	5580000	5590000	0.3552808864
20	5590000	5600000	0.7713368845
20	5600000	5610000	0.2178347697
20	5610000	5620000	0.309739526
20	5620000	5630000	0.06724052552
20	5630000	5640000	0.03744766106
20	5640000	5650000	0.2531768449
20	5650000	5660000	0.5531544554
20	5660000	5670000	-0.1698695238
20	5670000	5680000	-0.2131456842
20	5680000	5690000	-0.233687606
20	5690000	5700000	-0.01594885903
20	5700000	5710000	0.2235061885
20	5710000	5720000	-0.2511196969
20	5720000	5730000	-0.07472518079
20	5730000	5740000	-0.001634021142
20	5740000	5750000	-0.3615643366
20	5750000	5760000	-0.06422415014
20	5760000	5770000	-0.1011716056
20	5770000	5780000	-0.2530145404
20	5780000	5790000	-0.470251523
20	5790000	5800000	-0.7062163784
20	5800000	5810000	-0.7143212983
20	5810000	5820000	-0.5158557679
20	5820000	5830000	-0.6187386898
20	5830000	5840000	-0.6457106312
20	5840000	5850000	-1.08231803
20	5850000	5860000	-1.099885017
20	5860000	5870000	-0.7900435066
20	5870000	5880000	-0.01905554608
20	5880000	5890000	0.03897378398
20	5890000	5900000	-0.3368350712
20	5900000	5910000	-0.07394345984
20	5910000	5920000	-0.09672067516
20	5920000	5930000	0.2712039983
20	5930000	5940000	0.1822270947
20	5940000	5950000	-0.1464824182
20	5950000	5960000	-0.1567390427
20	5960000	5970000	-0.2367618842
20	5970000	5980000	-0.4592578086
20	5980000	5990000	-0.1467227926
20	5990000	6000000	-0.4417069875
20	6000000	6010000	-0.1893859764
20	6010000	6020000	-0.1445102917
20	6020000	6030000	-0.2703792657
20	6030000	6040000	0.04497310515
20	6040000	6050000	-0.3521885613
20	6050000	6060000	-0.1167673856
20	6060000	6070000	0.3441950394
20	6070000	6080000	0.1972464336
20	6080000	6090000	0.6758209887
20	6090000	6100000	0.8667625675
20	6100000	6110000	0.9129215904
20	6110000	6120000	-0.1550489202
20	6120000	6130000	0.2160211761
20	6130000	6140000	-0.005285703469
20	6140000	6150000	-0.6384477298
20	6150000	6160000	0.01134021076
20	6160000	6170000	0.2620112777
20	6170000	6180000	-0.1574344558
20	6180000	6190000	-0.5020622193
20	6190000	6200000	-0.1238529588
20	6200000	6210000	-0.2434768074
20	6210000	6220000	0.23649617
20	6220000	6230000	0.6315656693
20	6230000	6240000	-0.2374662272
20	6240000	6250000	0.0652490932
20	6250000	6260000	-0.03254652442
20	6260000	6270000	0.126152584
20	6270000	6280000	0.1247137845
20	6280000	6290000	-0.1764744282
20	6290000	6300000	0.317194466
20	6300000	6310000	0.586922847
20	6310000	6320000	-0.08717373077
20	6320000	6330000	-0.2775590351
20	6330000	6340000	0.02486521094
20	6340000	6350000	-0.3379968217
20	6350000	6360000	-0.04350187624
20	6360000	6370000	0.401088652
20	6370000	6380000	-0.05666379824
20	6380000	6390000	-0.3927394566
20	6390000	6400000	-0.3100714509
20	6400000	6410000	-0.1413795412
20	6410000	6420000	0.2379826571
20	6420000	6430000	0.6644967236
20	6430000	6440000	0.5021461833
20	6440000	6450000	0.210736721
20	6450000	6460000	0.04795372952
20	6460000	6470000	0.3081826746
20	6470000	6480000	-0.2100786485
20	6480000	6490000	1.159564493
20	6490000	6500000	0.4246021713
20	6500000	6510000	0.4372371297
20	6510000	6520000	-0.204156824
20	6520000	6530000	-0.4247708617
20	6530000	6540000	0.01278173687
20	6540000	6550000	-0.1661224817
20	6550000	6560000	-0.1802123142
20	6560000	6570000	-0.4390397872
20	6570000	6580000	-0.8121250254
20	6580000	6590000	-0.4334600627
20	6590000	6600000	-0.1069869556
20	6600000	6610000	-0.175755259
20	6610000	6620000	-0.1271956584
20	6620000	6630000	0.284511937
20	6630000	6640000	-0.1597219245
20	6640000	6650000	-0.2772289075
20	6650000	6660000	0.2879061261
20	6660000	6670000	0.4260857808
20	6670000	6680000	1.081197467
20	6680000	6690000	0.3783869313
20	6690000	6700000	-0.2870543484
20	6700000	6710000	-0.4566753185
20	6710000	6720000	-0.3702958359
20	6720000	6730000	-0.1783017074
20	6730000	6740000	-0.008911325496
20	6740000	6750000	0.6130474672
20	6750000	6760000	-0.07961091386
20	6760000	6770000	0.1332018387
20	6770000	6780000	0.7468125845
20	6780000	6790000	0.09603187837
20	6790000	6800000	0.2266410452
20	6800000	6810000	0.06292000179
20	6810000	6820000	-0.238188029
20	6820000	6830000	0.182878925
20	6830000	6840000	0.1128557905
20	6840000	6850000	-0.1982987085
20	6850000	6860000	-0.09860440128
20	6860000	6870000	-0.0405053699
20	6870000	6880000	0.4147149774
20	6880000	6890000	0.3830789033
20	6890000	6900000	0.7014378595
20	6900000	6910000	0.5736045092
20	6910000	6920000	0.5753455991
20	6920000	6930000	0.640601636
20	6930000	6940000	0.1166527931
20	6940000	6950000	-0.2485043007
20	6950000	6960000	0.09169710755
20	6960000	6970000	-0.1002115175
20	6970000	6980000	-0.1485842176
20	6980000	6990000	-0.2069905442
20	6990000	7000000	0.4279492359
20	7000000	7010000	0.7646675005
20	7010000	7020000	1.48617536
20	7020000	7030000	-0.1743496896
20	7030000	7040000	0.2164126122
20	7040000	7050000	-0.2793782307
20	7050000	7060000	-0.2938272727
20	7060000	7070000	0.1064301395
20	7070000	7080000	0.310654041
20	7080000	7090000	0.233002721
20	7090000	7100000	-0.2408354676
20	7100000	7110000	0.1100630508
20	7110000	7120000	-0.1155880975
20	7120000	7130000	-0.3230077926
20	7130000	7140000	0.02057548536
20	7140000	7150000	-0.002652507241
20	7150000	7160000	0.1776358678
20	7160000	7170000	0.04967316875
20	7170000	7180000	-0.03374852303
20	7180000	7190000	0.09998583093
20	7190000	7200000	0.1080369242
20	7200000	7210000	0.6204350924
20	7210000	7220000	-0.1087183049
20	7220000	7230000	-0.1562100152
20	7230000	7240000	-0.2475365654
20	7240000	7250000	0.01897897638
20	7250000	7260000	0.3029587747
20	7260000	7270000	0.05303808245
20	7270000	7280000	-0.2294489213
20	7280000	7290000	0.6761497798
20	7290000	7300000	0.2374726933
20	7300000	7310000	0.4204819361
20	7310000	7320000	0.7737570214
20	7320000	7330000	0.8544875747
20	7330000	7340000	0.6926805191
20	7340000	7350000	0.7002095518
20	7350000	7360000	0.7576678173
20	7360000	7370000	0.6202120874
20	7370000	7380000	1.038589042
20	7380000	7390000	0.1903555291
20	7390000	7400000	-0.5076153641
20	7400000	7410000	-0.3036694033
20	7410000	7420000	-0.4586715799
20	7420000	7430000	-0.714959294
20	7430000	7440000	-0.1106573859
20	7440000	7450000	-0.2342784182
20	7450000	7460000	-0.2695257287
20	7460000	7470000	-0.38804786
20	7470000	7480000	-0.3013483553
20	7480000	7490000	0.3400239167
20	7490000	7500000	-0.004268661819
20	7500000	7510000	-0.1308767511
20	7510000	7520000	0.3123079649
20	7520000	7530000	-0.4520372478
20	7530000	7540000	-0.6063806684
20	7540000	7550000	-0.04174185904
20	7550000	7560000	-0.07736103177
20	7560000	7570000	-0.5205648043
20	7570000	7580000	-0.274745597
20	7580000	7590000	1.0200646
20	7590000	7600000	0.6343735964
20	7600000	7610000	-0.3565008218
20	7610000	7620000	0.04956049119
20	7620000	7630000	-0.3325550532
20	7630000	7640000	-0.2978290891
20	7640000	7650000	-0.04431075513
20	7650000	7660000	-0.296108024
20	7660000	7670000	-0.3206756568
20	7670000	7680000	-0.2435491299
20	7680000	7690000	-0.2260043356
20	7690000	7700000	-0.6080439561
20	7700000	7710000	-0.1046270384
20	7710000	7720000	-0.6166004472
20	7720000	7730000	-0.1617337006
20	7730000	7740000	-0.2110210133
20	7740000	7750000	-0.3593564757
20	7750000	7760000	-0.1901696665
20	7760000	7770000	0.003411320022
20	7770000	7780000	-0.3746525353
20	7780000	7790000	0.1901155912
20	7790000	7800000	-0.1049406418
20	7800000	7810000	-0.4458198008
20	7810000	7820000	0.1348723332
20	7820000	7830000	-0.2431841733
20	7830000	7840000	0.3231193718
20	7840000	7850000	0.9157925937
20	7850000	7860000	1.030474098
20	7860000	7870000	1.086577765
20	7870000	7880000	1.480333227
20	7880000	7890000	1.260350089
20	7890000	7900000	0.607673656
20	7900000	7910000	-0.08216007208
20	7910000	7920000	-0.1201845516
20	7920000	7930000	-0.4838956647
20	7930000	7940000	-0.1859603779
20	7940000	7950000	-0.2304954221
20	7950000	7960000	-0.5314251169
20	7960000	7970000	-0.08558297893
20	7970000	7980000	-0.1741697553
20	7980000	7990000	0.1556894387
20	7990000	8000000	1.123403591
20	8000000	8010000	0.7878228867
20	8010000	8020000	1.480947239
20	8020000	8030000	1.046727125
20	8030000	8040000	1.845382498
20	8040000	8050000	0.7080729554
20	8050000	8060000	0.6707669126
20	8060000	8070000	-0.1382928116
20	8070000	8080000	-0.4196959656
20	8080000	8090000	-0.274842326
20	8090000	8100000	-0.09400910117
20	8100000	8110000	-0.05727930517
20	8110000	8120000	-0.1065410789
20	8120000	8130000	-0.09797239468
20	8130000	8140000	-0.4076731977
20	8140000	8150000	-0.1827435606
20	8150000	8160000	-0.4577110181
20	8160000	8170000	-0.3155517887
20	8170000	8180000	0.2314492971
20	8180000	8190000	0.001807647512
20	8190000	8200000	0.4122601873
20	8200000	8210000	-0.0150239976
20	8210000	8220000	-0.01568536638
20	8220000	8230000	-0.1889517062
20	8230000	8240000	-0.1113086069
20	8240000	8250000	0.2846473092
20	8250000	8260000	-0.1567784677
20	8260000	8270000	-0.1476796737
20	8270000	8280000	-0.03546068175
20	8280000	8290000	0.4881949411
20	8290000	8300000	0.6048038197
20	8300000	8310000	0.4435649152
20	8310000	8320000	-0.3485147683
20	8320000	8330000	-0.1820631042
20	8330000	8340000	0.2763843634
20	8340000	8350000	-0.3319719974
20	8350000	8360000	0.4340925812
20	8360000	8370000	-0.4060497378
20	8370000	8380000	-0.1142470396
20	8380000	8390000	-0.03884252818
20	8390000	8400000	0.3571075799
20	8400000	8410000	0.1209266967
20	8410000	8420000	0.689514874
20	8420000	8430000	1.069643431
20	8430000	8440000	0.3731480011
20	8440000	8450000	-0.01282987661
20	8450000	8460000	0.07066162386
20	8460000	8470000	-0.2944781171
20	8470000	8480000	-0.4507826881
20	8480000	8490000	-0.4264926719
20	8490000	8500000	-0.4613441029
20	8500000	8510000	0.02714997106
20	8510000	8520000	-0.2304397434
20	8520000	8530000	-0.2978644213
20	8530000	8540000	0.04303890109
20	8540000	8550000	0.06634933801
20	8550000	8560000	-0.2854511574
20	8560000	8570000	-0.04740889847
20	8570000	8580000	-0.177252035
20	8580000	8590000	-0.4103427444
20	8590000	8600000	0.1511418047
20	8600000	8610000	-0.05103436685
20	8610000	8620000	0.6928951926
20	8620000	8630000	-0.002631720226
20	8630000	8640000	-0.1572292844
20	8640000	8650000	0.1247410457
20	8650000	8660000	0.5670765941
20	8660000	8670000	-0.001085289917
20	8670000	8680000	0.05168522746
20	8680000	8690000	0.06727200525
20	8690000	8700000	0.01817048006
20	8700000	8710000	-0.4415522246
20	8710000	8720000	-0.379707082
20	8720000	8730000	-0.3145600963
20	8730000	8740000	0.01604600211
20	8740000	8750000	0.02564024121
20	8750000	8760000	0.776105904
20	8760000	8770000	1.04890331
20	8770000	8780000	0.3157324523
20	8780000	8790000	0.4005197675
20	8790000	8800000	0.8336509205
20	8800000	8810000	0.04874539193
20	8810000	8820000	-0.1104414969
20	8820000	8830000	-0.3232500115
20	8830000	8840000	0.06141702084
20	8840000	8850000	0.2275212879
20	8850000	8860000	0.2661545606
20	8860000	8870000	-0.2658895839
20	8870000	8880000	-0.326573306
20	8880000	8890000	-0.3384787561
20	8890000	8900000	-0.2768455276
20	8900000	8910000	-0.3793376502
20	8910000	8920000	-0.09384987571
20	8920000	8930000	-0.01158349989
20	8930000	8940000	0.2483935492
20	8940000	8950000	-0.1417218741
20	8950000	8960000	-0.2905190408
20	8960000	8970000	-0.3184015455
20	8970000	8980000	-0.09565630874
20	8980000	8990000	-0.1030291085
20	8990000	9000000	-0.1406174175
20	9000000	9010000	0.1591717532
20	9010000	9020000	0.7537937756
20	9020000	9030000	0.3098082648
20	9030000	9040000	0.02219009699
20	9040000	9050000	-0.06189370929
20	9050000	9060000	0.01999053094
20	9060000	9070000	1.041242959
20	9070000	9080000	0.2897225896
20	9080000	9090000	0.3387151478
20	9090000	9100000	0.2546796275
20	9100000	9110000	-0.1719165697
20	9110000	9120000	-0.03330941473
20	9120000	9130000	0.1285237063
20	9130000	9140000	-0.04534670335
20	9140000	9150000	-0.3066276899
20	9150000	9160000	-0.4370549303
20	9160000	9170000	-0.4053631837
20	9170000	9180000	-0.1543857694
20	9180000	9190000	0.03280475684
20	9190000	9200000	0.1517009168
20	9200000	9210000	-0.1764636997
20	9210000	9220000	-0.3535670872
20	9220000	9230000	-0.3306295482
20	9230000	9240000	-0.3602221318
20	9240000	9250000	-0.3525009188
20	9250000	9260000	0.1054881299
20	9260000	9270000	0.3345817291
20	9270000	9280000	0.269066448
20	9280000	9290000	0.003426802104
20	9290000	9300000	0.1080780316
20	9300000	9310000	-0.2049139753
20	9310000	9320000	-0.3497842242
20	9320000	9330000	-0.2119298745
20	9330000	9340000	-0.2193259288
20	9340000	9350000	-0.4715093977
20	9350000	9360000	-0.4768101768
20	9360000	9370000	-0.5712021552
20	9370000	9380000	-0.05201107285
20	9380000	9390000	0.2584794155
20	9390000	9400000	-0.03927073848
20	9400000	9410000	-0.184846347
20	9410000	9420000	-0.1113198323
20	9420000	9430000	0.7394716521
20	9430000	9440000	1.953246373
20	9440000	9450000	0.5425636537
20	9450000	9460000	0.2376453028
20	9460000	9470000	0.4086872784
20	9470000	9480000	0.3033266659
20	9480000	9490000	0.041556612
20	9490000	9500000	-0.2333904984
20	9500000	9510000	0.1579082431
20	9510000	9520000	0.250879134
20	9520000	9530000	-0.2266223793
20	9530000	9540000	-0.1718263942
20	9540000	9550000	-0.2637259555
20	9550000	9560000	0.6911210093
20	9560000	9570000	-0.2906452544
20	9570000	9580000	0.1562499694
20	9580000	9590000	0.1807227841
20	9590000	9600000	-0.1992843872
20	9600000	9610000	-0.3219195077
20	9610000	9620000	-0.1909655332
20	9620000	9630000	-0.2682585304
20	9630000	9640000	-0.357754383
20	9640000	9650000	-0.4867953587
20	9650000	9660000	-0.2250062567
20	9660000	9670000	-0.2903395332
20	9670000	9680000	-0.4875881715
20	9680000	9690000	-0.1506408141
20	9690000	9700000	0.04374480541
20	9700000	9710000	0.3515122314
20	9710000	9720000	-0.005972875804
20	9720000	9730000	-0.1261985133
20	9730000	9740000	0.1036117668
20	9740000	9750000	0.0741874271
20	9750000	9760000	0.1224098258
20	9760000	9770000	0.02903581753
20	9770000	9780000	0.06499450827
20	9780000	9790000	-0.1918019097
20	9790000	9800000	-0.377965112
20	9800000	9810000	-0.02289239562
20	9810000	9820000	-0.09816432655
20	9820000	9830000	-0.1095009723
20	9830000	9840000	-0.1935759497
20	9840000	9850000	-0.2166508603
20	9850000	9860000	-0.25699635
20	9860000	9870000	-0.2420200716
20	9870000	9880000	0.1366873038
20	9880000	9890000	0.01436484509
20	9890000	9900000	0.05267035358
20	9900000	9910000	-0.3189524006
20	9910000	9920000	0.4248255285
20	9920000	9930000	-0.2698870132
20	9930000	9940000	0.2314926087
20	9940000	9950000	0.4066248364
20	9950000	9960000	0.08262447342
20	9960000	9970000	0.02672518173
20	9970000	9980000	-0.1984119659
20	9980000	9990000	-0.1458829129
20	9990000	10000000	-0.211429721
20	10000000	10010000	-0.1552777848
20	10010000	10020000	-0.1732593884
20	10020000	10030000	0.02391890992
20	10030000	10040000	-0.122470517
20	10040000	10050000	0.01892478417
20	10050000	10060000	-0.03262273409
20	10060000	10070000	0.07322567068
20	10070000	10080000	0.4533167642
20	10080000	10090000	-0.2161072464
20	10090000	10100000	0.3621662553
20	10100000	10110000	-0.2998906364
20	10110000	10120000	-0.3772011305
20	10120000	10130000	-0.5668362441
20	10130000	10140000	-0.3798314712
20	10140000	10150000	-0.2798100646
20	10150000	10160000	-0.3377996357
20	10160000	10170000	-0.2820402291
20	10170000	10180000	-0.2166643103
20	10180000	10190000	0.5132406217
20	10190000	10200000	0.2737927693
20	10200000	10210000	0.7146238656
20	10210000	10220000	-0.5080510488
20	10220000	10230000	-0.491724269
20	10230000	10240000	-0.3297209181
20	10240000	10250000	-0.4252409967
20	10250000	10260000	-0.2855645183
20	10260000	10270000	0.7377506283
20	10270000	10280000	-0.3030721674
20	10280000	10290000	-0.06263657267
20	10290000	10300000	0.08751151758
20	10300000	10310000	-0.2304296307
20	10310000	10320000	-0.2283775487
20	10320000	10330000	0.06783393192
20	10330000	10340000	1.325849432
20	10340000	10350000	-0.3494641747
20	10350000	10360000	-0.3356125243
20	10360000	10370000	-0.06474175176
20	10370000	10380000	0.280150566
20	10380000	10390000	-0.174608552
20	10390000	10400000	-0.3479794238
20	10400000	10410000	0.1062973472
20	10410000	10420000	0.2458122232
20	10420000	10430000	-0.3138082132
20	10430000	10440000	-0.3873996875
20	10440000	10450000	0.484296912
20	10450000	10460000	0.4749426625
20	10460000	10470000	0.6469623892
20	10470000	10480000	0.2628738379
20	10480000	10490000	-0.1751194744
20	10490000	10500000	0.03361560214
20	10500000	10510000	0.03421157624
20	10510000	10520000	-0.4645712458
20	10520000	10530000	-0.3699918849
20	10530000	10540000	-0.3775584499
20	10540000	10550000	0.2521633117
20	10550000	10560000	0.04469301172
20	10560000	10570000	-0.2155256663
20	10570000	10580000	-0.3550213051
20	10580000	10590000	-0.5853254336
20	10590000	10600000	-0.406470649
20	10600000	10610000	-0.0169420923
20	10610000	10620000	-0.3262393513
20	10620000	10630000	-0.30277701
20	10630000	10640000	-0.5780856222
20	10640000	10650000	-0.1214013273
20	10650000	10660000	-0.6229576276
20	10660000	10670000	-0.2697653454
20	10670000	10680000	-0.249437919
20	10680000	10690000	0.4422873649
20	10690000	10700000	0.8710405678
20	10700000	10710000	0.8382471293
20	10710000	10720000	1.764845155
20	10720000	10730000	0.3494724151
20	10730000	10740000	0.1389756316
20	10740000	10750000	0.3836607797
20	10750000	10760000	0.9135351675
20	10760000	10770000	0.4380739968
20	10770000	10780000	0.3381123902
20	10780000	10790000	0.1665434568
20	10790000	10800000	0.3687390138
20	10800000	10810000	0.1689096527
20	10810000	10820000	-0.1140815957
20	10820000	10830000	-0.07208587888
20	10830000	10840000	-0.06869858199
20	10840000	10850000	-0.07653439579
20	10850000	10860000	1.667574901
20	10860000	10870000	1.726710762
20	10870000	10880000	2.376500746
20	10880000	10890000	1.89845272
20	10890000	10900000	0.8619030937
20	10900000	10910000	1.31347833
20	10910000	10920000	0.2499611573
20	10920000	10930000	0.4028043637
20	10930000	10940000	-0.1494497907
20	10940000	10950000	-0.5641106322
20	10950000	10960000	-0.7642372712
20	10960000	10970000	-0.4808711038
20	10970000	10980000	-0.3320972921
20	10980000	10990000	-0.2425460708
20	10990000	11000000	-0.5688860089
20	11000000	11010000	-0.561392247
20	11010000	11020000	-0.1725542838
20	11020000	11030000	-0.4374940429
20	11030000	11040000	-0.4860389842
20	11040000	11050000	-0.3653017213
20	11050000	11060000	-0.4526936826
20	11060000	11070000	-0.3249843811
20	11070000	11080000	-0.2052160023
20	11080000	11090000	0.3133327984
20	11090000	11100000	0.42579339
20	11100000	11110000	-0.1051504673
20	11110000	11120000	-0.5105047117
20	11120000	11130000	0.2951998467
20	11130000	11140000	-0.2786506415
20	11140000	11150000	-0.2105546014
20	11150000	11160000	-0.4310262052
20	11160000	11170000	-0.4115201957
20	11170000	11180000	-0.5664184978
20	11180000	11190000	0.01188631818
20	11190000	11200000	0.1128355629
20	11200000	11210000	0.3718978451
20	11210000	11220000	-0.3138431996
20	11220000	11230000	-0.3338720378
20	11230000	11240000	-0.4380854834
20	11240000	11250000	-0.3420450659
20	11250000	11260000	-0.3755478444
20	11260000	11270000	-0.3051407143
20	11270000	11280000	-0.2549730625
20	11280000	11290000	0.1745727685
20	11290000	11300000	0.002761794911
20	11300000	11310000	0.0348275029
20	11310000	11320000	0.4159556253
20	11320000	11330000	0.2962045339
20	11330000	11340000	0.5509912279
20	11340000	11350000	0.7370366308
20	11350000	11360000	0.7333416573
20	11360000	11370000	1.189533591
20	11370000	11380000	0.4523054172
20	11380000	11390000	0.9697311116
20	11390000	11400000	0.7387989049
20	11400000	11410000	0.6230952325
20	11410000	11420000	0.3373410764
20	11420000	11430000	0.4246735703
20	11430000	11440000	0.264510034
20	11440000	11450000	0.3943555347
20	11450000	11460000	0.6093771026
20	11460000	11470000	0.2627419622
20	11470000	11480000	0.4242260612
20	11480000	11490000	0.9125323244
20	11490000	11500000	0.4008156392
20	11500000	11510000	1.548771675
20	11510000	11520000	0.779515118
20	11520000	11530000	-0.2620383449
20	11530000	11540000	-0.2585095145
20	11540000	11550000	-0.4106658611
20	11550000	11560000	-0.3638726181
20	11560000	11570000	0.384475921
20	11570000	11580000	0.4098678329
20	11580000	11590000	0.2856024465
20	11590000	11600000	-0.103675816
20	11600000	11610000	-0.4682732548
20	11610000	11620000	-0.2434526344
20	11620000	11630000	0.5407721334
20	11630000	11640000	1.955671455
20	11640000	11650000	1.361824873
20	11650000	11660000	0.2525364843
20	11660000	11670000	-0.04127173452
20	11670000	11680000	-0.3583578103
20	11680000	11690000	-0.2201289171
20	11690000	11700000	0.02419981411
20	11700000	11710000	-0.3650267541
20	11710000	11720000	-0.102622229
20	11720000	11730000	-0.3111829528
20	11730000	11740000	-0.1693724149
20	11740000	11750000	0.1144512527
20	11750000	11760000	-0.01246781753
20	11760000	11770000	-0.2805856305
20	11770000	11780000	0.7849861181
20	11780000	11790000	0.1508070063
20	11790000	11800000	0.08722424974
20	11800000	11810000	-0.03433609507
20	11810000	11820000	-0.04208139766
20	11820000	11830000	0.2560429426
20	11830000	11840000	0.006417115064
20	11840000	11850000	-0.5947378343
20	11850000	11860000	-0.03618381548
20	11860000	11870000	0.186446624
20	11870000	11880000	0.9756855909
20	11880000	11890000	0.1483401164
20	11890000	11900000	-0.09836531194
20	11900000	11910000	-0.1750132733
20	11910000	11920000	-0.1880812882
20	11920000	11930000	-0.3999052261
20	11930000	11940000	-0.08395419514
20	11940000	11950000	1.461356025
20	11950000	11960000	0.1480789183
20	11960000	11970000	-0.634775888
20	11970000	11980000	0.01562072417
20	11980000	11990000	-0.03585891693
20	11990000	12000000	-0.3068580842
20	12000000	12010000	-0.3769720584
20	12010000	12020000	-0.01894346412
20	12020000	12030000	0.00346123594
20	12030000	12040000	0.2341972166
20	12040000	12050000	-0.2400047797
20	12050000	12060000	-0.2298797967
20	12060000	12070000	0.03596350228
20	12070000	12080000	0.8332698515
20	12080000	12090000	0.1034124821
20	12090000	12100000	0.06027944053
20	12100000	12110000	-0.0130329331
20	12110000	12120000	-0.2487069758
20	12120000	12130000	-0.1597938127
20	12130000	12140000	-0.2179706827
20	12140000	12150000	-0.09128226987
20	12150000	12160000	0.1359548623
20	12160000	12170000	0.2223246936
20	12170000	12180000	0.1090734586
20	12180000	12190000	0.7533149343
20	12190000	12200000	-0.2681032658
20	12200000	12210000	0.01807568107
20	12210000	12220000	0.1802438729
20	12220000	12230000	0.09420930234
20	12230000	12240000	-0.08518539061
20	12240000	12250000	0.1756344065
20	12250000	12260000	-0.4315576242
20	12260000	12270000	-0.2056520111
20	12270000	12280000	-0.4701819647
20	12280000	12290000	-0.2225635211
20	12290000	12300000	0.02873124597
20	12300000	12310000	-0.02913778978
20	12310000	12320000	-0.5802158983
20	12320000	12330000	-0.3527938857
20	12330000	12340000	-0.1946554419
20	12340000	12350000	-0.08260017255
20	12350000	12360000	0.02171192426
20	12360000	12370000	-0.4011918379
20	12370000	12380000	-0.07538676154
20	12380000	12390000	-0.3385454379
20	12390000	12400000	-0.2105650823
20	12400000	12410000	-0.4071235364
20	12410000	12420000	-0.1675929145
20	12420000	12430000	-0.2390035507
20	12430000	12440000	-0.2575612505
20	12440000	12450000	-0.195437208
20	12450000	12460000	-0.3357172601
20	12460000	12470000	-0.2853752774
20	12470000	12480000	-0.1113720113
20	12480000	12490000	-0.1791107686
20	12490000	12500000	0.04186496428
20	12500000	12510000	-0.2367258485
20	12510000	12520000	-0.2019287186
20	12520000	12530000	0.6984623751
20	12530000	12540000	0.08243372517
20	12540000	12550000	-0.06892970469
20	12550000	12560000	-0.04285289371
20	12560000	12570000	0.534164425
20	12570000	12580000	0.06480866039
20	12580000	12590000	0.07502924724
20	12590000	12600000	-0.3353920167
20	12600000	12610000	-0.9768962615
20	12610000	12620000	-0.6161120784
20	12620000	12630000	-0.5298977381
20	12630000	12640000	-0.02640914117
20	12640000	12650000	-0.489170771
20	12650000	12660000	-0.4450655866
20	12660000	12670000	-0.2730034577
20	12670000	12680000	-0.2404212583
20	12680000	12690000	0.02063387178
20	12690000	12700000	-0.09439167282
20	12700000	12710000	0.03470724598
20	12710000	12720000	-0.040763052
20	12720000	12730000	-0.2351238223
20	12730000	12740000	0.1689061216
20	12740000	12750000	-0.3395234848
20	12750000	12760000	-0.7993787925
20	12760000	12770000	-0.2643272161
20	12770000	12780000	-0.6102655189
20	12780000	12790000	-0.211970788
20	12790000	12800000	0.273852892
20	12800000	12810000	0.5320140082
20	12810000	12820000	0.4626273574
20	12820000	12830000	0.00258369648
20	12830000	12840000	0.1582948072
20	12840000	12850000	0.008123879048
20	12850000	12860000	0.1456582002
20	12860000	12870000	0.3496620863
20	12870000	12880000	-0.0992732039
20	12880000	12890000	0.08231172327
20	12890000	12900000	-0.1660956451
20	12900000	12910000	-0.3578722497
20	12910000	12920000	-0.4109922472
20	12920000	12930000	-0.1915313507
20	12930000	12940000	1.058833442
20	12940000	12950000	0.5841755072
20	12950000	12960000	-0.142922591
20	12960000	12970000	0.03589477883
20	12970000	12980000	-0.4771942473
20	12980000	12990000	-0.541780613
20	12990000	13000000	0.2559768521
20	13000000	13010000	-0.3356220476
20	13010000	13020000	-0.2662263183
20	13020000	13030000	0.04251639142
20	13030000	13040000	-0.1096524662
20	13040000	13050000	-0.4640003545
20	13050000	13060000	-0.4142184006
20	13060000	13070000	-0.1015703588
20	13070000	13080000	-0.2380670256
20	13080000	13090000	-0.507831851
20	13090000	13100000	-0.1088258468
20	13100000	13110000	0.1896828945
20	13110000	13120000	-0.1910564131
20	13120000	13130000	-0.3466114403
20	13130000	13140000	-0.477426738
20	13140000	13150000	-0.09138315634
20	13150000	13160000	-0.6898743507
20	13160000	13170000	-0.4292198934
20	13170000	13180000	-0.04146011692
20	13180000	13190000	-0.1606055188
20	13190000	13200000	-0.4323586122
20	13200000	13210000	-0.217940792
20	13210000	13220000	-0.1146089862
20	13220000	13230000	-0.2451296606
20	13230000	13240000	-0.4234539369
20	13240000	13250000	0.1164923383
20	13250000	13260000	0.5594111452
20	13260000	13270000	0.8071668689
20	13270000	13280000	1.000904009
20	13280000	13290000	0.5614853338
20	13290000	13300000	0.2541556878
20	13300000	13310000	0.4899878433
20	13310000	13320000	0.7119764787
20	13320000	13330000	0.05206771
20	13330000	13340000	0.2441771866
20	13340000	13350000	0.4967758377
20	13350000	13360000	0.5471423456
20	13360000	13370000	0.05441882667
20	13370000	13380000	-0.0259483835
20	13380000	13390000	0.2206180537
20	13390000	13400000	0.1116170339
20	13400000	13410000	0.2453234417
20	13410000	13420000	0.06064849324
20	13420000	13430000	-0.2394043334
20	13430000	13440000	-0.2667121609
20	13440000	13450000	-0.2241883268
20	13450000	13460000	-0.5287183442
20	13460000	13470000	-0.4031025671
20	13470000	13480000	-0.3414180416
20	13480000	13490000	0.08637098011
20	13490000	13500000	0.09077321225
20	13500000	13510000	-0.03544818546
20	13510000	13520000	-0.6299655053
20	13520000	13530000	-0.2208131232
20	13530000	13540000	-0.4559462581
20	13540000	13550000	-0.3623572221
20	13550000	13560000	-0.4949866948
20	13560000	13570000	-0.3525680709
20	13570000	13580000	-0.4529699331
20	13580000	13590000	-0.3153697676
20	13590000	13600000	-0.3186134461
20	13600000	13610000	-0.7761928065
20	13610000	13620000	-0.1875306098
20	13620000	13630000	0.214769067
20	13630000	13640000	-0.0406028898
20	13640000	13650000	-0.07124085539
20	13650000	13660000	0.03962173153
20	13660000	13670000	-0.1855686173
20	13670000	13680000	-0.3835892421
20	13680000	13690000	-0.6262568786
20	13690000	13700000	-0.7332923894
20	13700000	13710000	-0.4847620019
20	13710000	13720000	-0.2486216846
20	13720000	13730000	-0.1268900464
20	13730000	13740000	-0.5656941643
20	13740000	13750000	-0.6146976119
20	13750000	13760000	-0.5901898744
20	13760000	13770000	0.0247024375
20	13770000	13780000	-0.3614221705
20	13780000	13790000	-0.1361318929
20	13790000	13800000	-0.5988667492
20	13800000	13810000	0.1386087372
20	13810000	13820000	-0.1459681219
20	13820000	13830000	-0.05936731477
20	13830000	13840000	-0.6334563505
20	13840000	13850000	-0.6206116717
20	13850000	13860000	-0.380904368
20	13860000	13870000	-0.09563567002
20	13870000	13880000	0.06683125828
20	13880000	13890000	-0.3997144415
20	13890000	13897287	-0.8629514532
