20	10000	20000	0.1580537226
20	20000	30000	0.233900567
20	30000	40000	0.01529413549
20	40000	50000	-0.2752330044
20	50000	60000	0.08205388362
20	60000	70000	-0.106011566
20	70000	80000	0.1666851851
20	80000	90000	0.2726193571
20	90000	100000	0.09095929006
20	100000	110000	0.3807995217
20	110000	120000	0.4279232659
20	120000	130000	1.164420858
20	130000	140000	0.4120640255
20	140000	150000	0.8645885988
20	150000	160000	1.017306994
20	160000	170000	0.564146939
20	170000	180000	0.8612741937
20	180000	190000	0.1347709637
20	190000	200000	0.5788900466
20	200000	210000	0.8788046627
20	210000	220000	0.4308784419
20	220000	230000	0.2869015859
20	230000	240000	0.2092695518
20	240000	250000	0.2072866641
20	250000	260000	0.4002064645
20	260000	270000	-0.3020827087
20	270000	280000	0.9071214129
20	280000	290000	-0.164388535
20	290000	300000	-0.1636643312
20	300000	310000	-0.0381313253
20	310000	320000	-0.5687199699
20	320000	330000	-0.08950831212
20	330000	340000	-0.06229291539
20	340000	350000	0.4861213934
20	350000	360000	-0.4681418783
20	360000	370000	-0.3489367736
20	370000	380000	0.007146299486
20	380000	390000	-0.2636873139
20	390000	400000	0.1631617915
20	400000	410000	-0.2197150127
20	410000	420000	-0.4425536247
20	420000	430000	-0.5993697206
20	430000	440000	-0.1340426553
20	440000	450000	-0.0590768379
20	450000	460000	-0.02772217349
20	460000	470000	0.03556074019
20	470000	480000	0.02166367082
20	480000	490000	0.4099042736
20	490000	500000	0.4807003833
20	500000	510000	0.3848745401
20	510000	520000	0.4484503161
20	520000	530000	1.005099137
20	530000	540000	0.8510825191
20	540000	550000	0.5353413514
20	550000	560000	0.4202556793
20	560000	570000	0.1944347616
20	570000	580000	-0.05184796268
20	580000	590000	-0.3201891894
20	590000	600000	0.3722933906
20	600000	610000	0.9372272146
20	610000	620000	0.03801605081
20	620000	630000	0.6150716893
20	630000	640000	-0.002431030873
20	640000	650000	-0.375284696
20	650000	660000	0.1948170631
20	660000	670000	0.5051803326
20	670000	680000	0.00929371703
20	680000	690000	-0.01675521806
20	690000	700000	-0.1007637241
20	700000	710000	0.4606474059
20	710000	720000	0.07985073636
20	720000	730000	0.08583314123
20	730000	740000	0.204715979
20	740000	750000	0.398269692
20	750000	760000	0.1735054267
20	760000	770000	0.3318674061
20	770000	780000	0.07993614701
20	780000	790000	0.2587276326
20	790000	800000	0.2788161773
20	800000	810000	-0.06114097339
20	810000	820000	-0.1858738701
20	820000	830000	0.07023273255
20	830000	840000	-0.09809762662
20	840000	850000	-0.08157716304
20	850000	860000	0.07788321413
20	860000	870000	0.3814977158
20	870000	880000	0.2822936824
20	880000	890000	-0.03383322265
20	890000	900000	-0.2525831806
20	900000	910000	0.007691086327
20	910000	920000	0.105512289
20	920000	930000	0.5698972493
20	930000	940000	0.07658335485
20	940000	950000	-0.1078691141
20	950000	960000	-0.1722752012
20	960000	970000	-0.2328927221
20	970000	980000	-0.2555680781
20	980000	990000	0.7221860104
20	990000	1000000	0.6339887319
20	1000000	1010000	0.05421902101
20	1010000	1020000	-0.6171358663
20	1020000	1030000	-0.5664545875
20	1030000	1040000	-0.8690310844
20	1040000	1050000	-0.6841937488
20	1050000	1060000	-0.4777937416
20	1060000	1070000	-0.4449806608
20	1070000	1080000	-0.4176241893
20	1080000	1090000	-0.1568399753
20	1090000	1100000	-0.2811101955
20	1100000	1110000	-0.3938075143
20	1110000	1120000	-0.4993084367
20	1120000	1130000	-0.598607395
20	1130000	1140000	-0.792808092
20	1140000	1150000	-0.7727272307
20	1150000	1160000	-0.4532277587
20	1160000	1170000	-0.4392811996
20	1170000	1180000	-0.5155421229
20	1180000	1190000	-0.319196165
20	1190000	1200000	-0.194946556
20	1200000	1210000	-0.2427101809
20	1210000	1220000	0.09217769404
20	1220000	1230000	-0.1451040268
20	1230000	1240000	-0.2116570708
20	1240000	1250000	-0.2329114952
20	1250000	1260000	-0.01543972048
20	1260000	1270000	0.03949081889
20	1270000	1280000	-0.0927794113
20	1280000	1290000	-0.1377310449
20	1290000	1300000	-0.2896662993
20	1300000	1310000	-0.1257035309
20	1310000	1320000	-0.0815449443
20	1320000	1330000	-0.2192110766
20	1330000	1340000	-0.2255734299
20	1340000	1350000	0.2988771836
20	1350000	1360000	0.056096797
20	1360000	1370000	0.04362380581
20	1370000	1380000	0.08138446099
20	1380000	1390000	0.0111021153
20	1390000	1400000	-0.04040142364
20	1400000	1410000	0.169634702
20	1410000	1420000	0.2646700872
20	1420000	1430000	-0.4070163342
20	1430000	1440000	0.2572692691
20	1440000	1450000	0.2713624044
20	1450000	1460000	-0.1856233711
20	1460000	1470000	-0.1228045849
20	1470000	1480000	-0.11380802
20	1480000	1490000	-0.2770421676
20	1490000	1500000	-0.1042564051
20	1500000	1510000	-0.1268105334
20	1510000	1520000	-0.3331486867
20	1520000	1530000	-0.2298767657
20	1530000	1540000	-0.2946677081
20	1540000	1550000	0.06918168781
20	1550000	1560000	0.1543209505
20	1560000	1570000	-0.1246532861
20	1570000	1580000	0.002385725028
20	1580000	1590000	0.2350031491
20	1590000	1600000	-0.008310727846
20	1600000	1610000	-0.03117018644
20	1610000	1620000	-0.3742416455
20	1620000	1630000	-0.06016821969
20	1630000	1640000	-0.02917261305
20	1640000	1650000	0.6295075334
20	1650000	1660000	0.8061594897
20	1660000	1670000	0.8791677517
20	1670000	1680000	0.2379157595
20	1680000	1690000	-0.1869051582
20	1690000	1700000	-0.004603174938
20	1700000	1710000	0.1578879879
20	1710000	1720000	0.1456437718
20	1720000	1730000	0.9537048582
20	1730000	1740000	0.240761345
20	1740000	1750000	0.09083367507
20	1750000	1760000	-0.0515280112
20	1760000	1770000	-0.1644785764
20	1770000	1780000	0.6323412253
20	1780000	1790000	-0.06794917067
20	1790000	1800000	-0.04181637739
20	1800000	1810000	0.7510195422
20	1810000	1820000	0.3158438933
20	1820000	1830000	0.02813718856
20	1830000	1840000	-0.2683579035
20	1840000	1850000	-0.1455305211
20	1850000	1860000	-0.1234021223
20	1860000	1870000	-0.3063106156
20	1870000	1880000	-0.03137689363
20	1880000	1890000	0.1422107266
20	1890000	1900000	0.3585667513
20	1900000	1910000	0.149606504
20	1910000	1920000	-0.35056673
20	1920000	1930000	-0.01797840083
20	1930000	1940000	0.512694531
20	1940000	1950000	0.09215357026
20	1950000	1960000	0.01911165008
20	1960000	1970000	-0.3912740005
20	1970000	1980000	0.2418219532
20	1980000	1990000	-0.1735899719
20	1990000	2000000	-0.285950555
20	2000000	2010000	-0.2967582363
20	2010000	2020000	-0.2699776528
20	2020000	2030000	0.03322131578
20	2030000	2040000	0.2752548318
20	2040000	2050000	-0.1237734126
20	2050000	2060000	-0.2764899931
20	2060000	2070000	-0.2714432483
20	2070000	2080000	-0.4368695481
20	2080000	2090000	-0.3226734261
20	2090000	2100000	-0.1102308606
20	2100000	2110000	-0.3535873673
20	2110000	2120000	-0.3294335292
20	2120000	2130000	-0.2581749175
20	2130000	2140000	0.08312175481
20	2140000	2150000	-0.07408752729
20	2150000	2160000	-0.3964492315
20	2160000	2170000	-0.2790914834
20	2170000	2180000	-0.3598948838
20	2180000	2190000	-0.433268426
20	2190000	2200000	-0.01473697764
20	2200000	2210000	-0.1522535101
20	2210000	2220000	-0.1062370906
20	2220000	2230000	-0.1923749497
20	2230000	2240000	-0.1292456882
20	2240000	2250000	-0.086279272
20	2250000	2260000	-0.1592629855
20	2260000	2270000	-0.03862185124
20	2270000	2280000	0.3849299672
20	2280000	2290000	0.05632972176
20	2290000	2300000	-0.06836026637
20	2300000	2310000	0.7322364782
20	2310000	2320000	-0.1455182292
20	2320000	2330000	0.1964464407
20	2330000	2340000	-0.1066940817
20	2340000	2350000	-0.315005045
20	2350000	2360000	-0.3239124524
20	2360000	2370000	0.23906408
20	2370000	2380000	-0.102288351
20	2380000	2390000	-0.6013880682
20	2390000	2400000	-0.3221483473
20	2400000	2410000	-0.05752191981
20	2410000	2420000	-0.06951743453
20	2420000	2430000	0.1050105211
20	2430000	2440000	-0.202231814
20	2440000	2450000	0.1457286416
20	2450000	2460000	0.04724339613
20	2460000	2470000	0.002248022244
20	2470000	2480000	-0.04319435581
20	2480000	2490000	0.05684866492
20	2490000	2500000	-0.02660547002
20	2500000	2510000	-0.2356085239
20	2510000	2520000	-0.2722756657
20	2520000	2530000	-0.4503422202
20	2530000	2540000	-0.3553327373
20	2540000	2550000	0.05300455917
20	2550000	2560000	-0.3326424177
20	2560000	2570000	0.1277653819
20	2570000	2580000	0.244511707
20	2580000	2590000	0.2843900373
20	2590000	2600000	-0.5218139508
20	2600000	2610000	-0.5972031919
20	2610000	2620000	-0.7242435062
20	2620000	2630000	-0.4525796562
20	2630000	2640000	0.1621563169
20	2640000	2650000	-0.2268733797
20	2650000	2660000	-0.3868077757
20	2660000	2670000	-0.3123636811
20	2670000	2680000	0.4226441641
20	2680000	2690000	0.2191821154
20	2690000	2700000	-0.1206785911
20	2700000	2710000	0.7880480047
20	2710000	2720000	0.1569592784
20	2720000	2730000	0.1837562594
20	2730000	2740000	0.02666773214
20	2740000	2750000	-0.2397771351
20	2750000	2760000	-0.3361292915
20	2760000	2770000	-0.09024846601
20	2770000	2780000	-0.2032304653
20	2780000	2790000	-0.7175028839
20	2790000	2800000	-0.4943619705
20	2800000	2810000	-0.2662266529
20	2810000	2820000	-0.2456608773
20	2820000	2830000	-0.3401283597
20	2830000	2840000	-0.5843486976
20	2840000	2850000	-0.4916202843
20	2850000	2860000	-0.5676248731
20	2860000	2870000	-0.587408251
20	2870000	2880000	-0.4488130826
20	2880000	2890000	-0.535839949
20	2890000	2900000	-0.4293576301
20	2900000	2910000	-0.4654098404
20	2910000	2920000	-0.3810379015
20	2920000	2930000	-0.3250246416
20	2930000	2940000	-0.2295649783
20	2940000	2950000	0.212711132
20	2950000	2960000	0.5559044585
20	2960000	2970000	0.8745373826
20	2970000	2980000	0.1532112285
20	2980000	2990000	-0.08485082195
20	2990000	3000000	-0.1775277446
20	3000000	3010000	-0.2528598918
20	3010000	3020000	-0.5981882337
20	3020000	3030000	0.194920387
20	3030000	3040000	-0.2732910046
20	3040000	3050000	-0.6289178626
20	3050000	3060000	-0.3268478049
20	3060000	3070000	-0.2324456448
20	3070000	3080000	-0.2447795597
20	3080000	3090000	-0.3712916999
20	3090000	3100000	0.5059452626
20	3100000	3110000	-0.1573354864
20	3110000	3120000	-0.2152827671
20	3120000	3130000	-0.1606901632
20	3130000	3140000	-0.2895175105
20	3140000	3150000	0.0955807521
20	3150000	3160000	0.0800811035
20	3160000	3170000	0.2058835319
20	3170000	3180000	-0.5380772821
20	3180000	3190000	-0.4144990556
20	3190000	3200000	0.278681223
20	3200000	3210000	-0.2842150313
20	3210000	3220000	-0.2051084577
20	3220000	3230000	-0.1875878116
20	3230000	3240000	-0.3175846524
20	3240000	3250000	0.2386867383
20	3250000	3260000	-0.1786674856
20	3260000	3270000	0.3722056971
20	3270000	3280000	1.162906321
20	3280000	3290000	0.0267243461
20	3290000	3300000	-0.2817573328
20	3300000	3310000	0.7499969733
20	3310000	3320000	0.3341681573
20	3320000	3330000	0.2773535816
20	3330000	3340000	-0.3052650808
20	3340000	3350000	-0.2741680662
20	3350000	3360000	-0.1279447346
20	3360000	3370000	-0.04449802425
20	3370000	3380000	0.1362759461
20	3380000	3390000	0.4052206654
20	3390000	3400000	0.03522909987
20	3400000	3410000	0.02323413101
20	3410000	3420000	0.04933792941
20	3420000	3430000	0.05260749121
20	3430000	3440000	-0.316980854
20	3440000	3450000	-0.2057021071
20	3450000	3460000	0.2804094156
20	3460000	3470000	-0.07559488341
20	3470000	3480000	-0.3520128215
20	3480000	3490000	-0.1439005596
20	3490000	3500000	-0.2406261834
20	3500000	3510000	-0.2843228034
20	3510000	3520000	-0.03927582244
20	3530000	3540000	-0.4418920662
20	3540000	3550000	-0.1454375048
20	3550000	3560000	-0.2738867328
20	3560000	3570000	-0.1901039185
20	3570000	3580000	0.02506284881
20	3580000	3590000	0.1192099812
20	3590000	3600000	0.4834837223
20	3600000	3610000	0.151347406
20	3610000	3620000	0.3958493377
20	3620000	3630000	-0.006376512623
20	3630000	3640000	0.09230831115
20	3640000	3650000	0.1293225444
20	3650000	3660000	-0.1610330695
20	3660000	3670000	0.0879384399
20	3670000	3680000	0.08351961944
20	3680000	3690000	0.1477211928
20	3690000	3700000	-0.251756962
20	3700000	3710000	-0.305504136
20	3710000	3720000	-0.08141392029
20	3720000	3730000	-0.0837733555
20	3730000	3740000	-0.1279522705
20	3740000	3750000	-0.0562499097
20	3750000	3760000	-0.06778271458
20	3760000	3770000	-0.04703916415
20	3770000	3780000	-0.3293843379
20	3780000	3790000	-0.3192383238
20	3790000	3800000	-0.1029857921
20	3800000	3810000	-0.1337970024
20	3810000	3820000	0.2630117921
20	3820000	3830000	-0.1768942244
20	3830000	3840000	-0.237554097
20	3840000	3850000	0.2164735782
20	3850000	3860000	0.3182773145
20	3860000	3870000	-0.3657241864
20	3870000	3880000	-0.3797746746
20	3880000	3890000	-0.2187851576
20	3890000	3900000	-0.394404375
20	3900000	3910000	-0.4200319544
20	3910000	3920000	0.01994722476
20	3920000	3930000	-0.06729683665
20	3930000	3940000	0.3299785997
20	3940000	3950000	-0.006283943833
20	3950000	3960000	0.3447437026
20	3960000	3970000	-0.1766397078
20	3970000	3980000	-0.298669703
20	3980000	3990000	-0.2256412227
20	3990000	4000000	-0.02073179476
20	4000000	4010000	-0.2318698156
20	4010000	4020000	0.3514020286
20	4020000	4030000	-0.1400022474
20	4030000	4040000	0.05125259223
20	4040000	4050000	-0.2859413685
20	4050000	4060000	-0.6092889015
20	4060000	4070000	-0.6556237445
20	4070000	4080000	-0.06437620621
20	4080000	4090000	-0.4401585571
20	4090000	4100000	-0.5939347817
20	4100000	4110000	-0.5671999933
20	4110000	4120000	-0.2219016868
20	4120000	4130000	-0.5778737705
20	4130000	4140000	-0.393529562
20	4140000	4150000	-0.4516615478
20	4150000	4160000	-0.6175570887
20	4160000	4170000	-0.3893570371
20	4170000	4180000	-0.5865114406
20	4180000	4190000	-0.5962851536
20	4190000	4200000	-0.7689718984
20	4200000	4210000	-0.2999728181
20	4210000	4220000	-0.2328261806
20	4220000	4230000	-0.0007331069725
20	4230000	4240000	0.02265361633
20	4240000	4250000	0.06984596244
20	4250000	4260000	-0.2075604908
20	4260000	4270000	0.00695369466
20	4270000	4280000	-0.530408611
20	4280000	4290000	-0.1451870548
20	4290000	4300000	-0.2622042836
20	4300000	4310000	-0.4639419092
20	4310000	4320000	-0.2287107162
20	4320000	4330000	-0.1458132879
20	4330000	4340000	-0.2556788171
20	4340000	4350000	0.0754250247
20	4350000	4360000	-0.1305713019
20	4360000	4370000	-0.2296133266
20	4370000	4380000	-0.3350720553
20	4380000	4390000	-0.470657638
20	4390000	4400000	-0.3922184326
20	4400000	4410000	-0.2488444854
20	4410000	4420000	0.02438298544
20	4420000	4430000	-0.5377692711
20	4430000	4440000	-0.0237145794
20	4440000	4450000	0.7339929832
20	4450000	4460000	1.522880283
20	4460000	4470000	1.634674565
20	4470000	4480000	-0.004366107643
20	4480000	4490000	-0.2913994644
20	4490000	4500000	-0.2468922864
20	4500000	4510000	-0.4538306989
20	4510000	4520000	-0.4469105931
20	4520000	4530000	-0.3631117808
20	4530000	4540000	-0.7450405981
20	4540000	4550000	-0.5389142886
20	4550000	4560000	-0.6431696279
20	4560000	4570000	-0.2170375599
20	4570000	4580000	-0.2434970073
20	4580000	4590000	-0.2143051739
20	4590000	4600000	0.007483630803
20	4600000	4610000	0.5207118429
20	4610000	4620000	0.210914787
20	4620000	4630000	0.2311364262
20	4630000	4640000	-0.2467593825
20	4640000	4650000	-0.06922187733
20	4650000	4660000	-0.2412224411
20	4660000	4670000	-0.5362417615
20	4670000	4680000	-0.3916725717
20	4680000	4690000	-0.1844866496
20	4690000	4700000	-0.1962208746
20	4700000	4710000	-0.4354341866
20	4710000	4720000	-0.3204294988
20	4720000	4730000	-0.1625809954
20	4730000	4740000	-0.3265715007
20	4740000	4750000	-0.3449393667
20	4750000	4760000	-0.2774722804
20	4760000	4770000	0.04502636455
20	4770000	4780000	-0.2055712919
20	4780000	4790000	-0.3755206241
20	4790000	4800000	-0.3596942525
20	4800000	4810000	-0.5766188169
20	4810000	4820000	-0.2990762812
20	4820000	4830000	-0.06876858023
20	4830000	4840000	-0.134627022
20	4840000	4850000	-0.4269347555
20	4850000	4860000	-0.4626945029
20	4860000	4870000	-0.2243742304
20	4870000	4880000	0.2186737433
20	4880000	4890000	-0.340683509
20	4890000	4900000	-0.1844345967
20	4900000	4910000	-0.2619636689
20	4910000	4920000	-0.3423227959
20	4920000	4930000	-0.320935438
20	4930000	4940000	-0.3386520013
20	4940000	4950000	-0.1686168496
20	4950000	4960000	-0.0844567966
20	4960000	4970000	-0.3464299856
20	4970000	4980000	0.01157684924
20	4980000	4990000	-0.1284507566
20	4990000	5000000	-0.491421808
20	5000000	5010000	-0.462856536
20	5010000	5020000	-0.3199200564
20	5020000	5030000	-0.1787668693
20	5030000	5040000	0.164827344
20	5040000	5050000	-0.1035192567
20	5050000	5060000	-0.5388256242
20	5060000	5070000	-0.2542322513
20	5070000	5080000	-0.5746425641
20	5080000	5090000	-0.2700363854
20	5090000	5100000	-0.1299819177
20	5100000	5110000	-0.231860103
20	5110000	5120000	0.01410026853
20	5120000	5130000	0.4139212596
20	5130000	5140000	-0.1885071522
20	5140000	5150000	-0.3633992937
20	5150000	5160000	-0.4722812508
20	5160000	5170000	-0.4685422694
20	5170000	5180000	-0.7791389078
20	5180000	5190000	-0.5829218579
20	5190000	5200000	-0.54230585
20	5200000	5210000	-0.7268280417
20	5210000	5220000	-0.7164953395
20	5220000	5230000	-0.7563493547
20	5230000	5240000	-0.2070237745
20	5240000	5250000	-0.3039727819
20	5250000	5260000	-0.6437758842
20	5260000	5270000	-0.446966793
20	5270000	5280000	-0.2609625451
20	5280000	5290000	-0.38270125
20	5290000	5300000	-0.2080357861
20	5300000	5310000	-0.2578224873
20	5310000	5320000	-0.2523192568
20	5320000	5330000	-0.1318861025
20	5330000	5340000	-0.2888430456
20	5340000	5350000	0.1836748363
20	5350000	5360000	-0.1377637562
20	5360000	5370000	0.2645383294
20	5370000	5380000	-0.06366932371
20	5380000	5390000	-0.3078387367
20	5390000	5400000	-0.5824417186
20	5400000	5410000	-0.4212558452
20	5410000	5420000	-0.5276779346
20	5420000	5430000	-0.5556504536
20	5430000	5440000	-0.3581228528
20	5440000	5450000	-0.4726409748
20	5450000	5460000	-0.1837799947
20	5460000	5470000	0.1748654517
20	5470000	5480000	0.1901052751
20	5480000	5490000	-0.03458922659
20	5490000	5500000	-0.1041170085
20	5500000	5510000	-0.3331869785
20	5510000	5520000	-0.08646102814
20	5520000	5530000	-0.2110760525
20	5530000	5540000	-0.3283814622
20	5540000	5550000	-0.2531704965
20	5550000	5560000	-0.1416643436
20	5560000	5570000	-0.3217716312
20	5570000	5580000	-0.2941707174
20	5580000	5590000	-0.6256561007
20	5590000	5600000	-0.3481316919
20	5600000	5610000	-0.2075472756
20	5610000	5620000	0.004557103985
20	5620000	5630000	-0.1578234193
20	5630000	5640000	-0.6345180562
20	5640000	5650000	-0.2454195147
20	5650000	5660000	-0.4440140739
20	5660000	5670000	-0.2853549867
20	5670000	5680000	-0.1766196314
20	5680000	5690000	-0.3561781943
20	5690000	5700000	-0.1913513699
20	5700000	5710000	-0.4746550293
20	5710000	5720000	-0.4196887255
20	5720000	5730000	-0.2883373488
20	5730000	5740000	0.3521178222
20	5740000	5750000	-0.3414543084
20	5750000	5760000	-0.359746417
20	5760000	5770000	0.1021125184
20	5770000	5780000	-0.4166043252
20	5780000	5790000	-0.2451026383
20	5790000	5800000	-0.130034223
20	5800000	5810000	-0.3856815509
20	5810000	5820000	-0.439839579
20	5820000	5830000	-0.3228985819
20	5830000	5840000	-0.4855340143
20	5840000	5850000	-0.2231764909
20	5850000	5860000	-0.4087620978
20	5860000	5870000	-0.2011492341
20	5870000	5880000	0.02676764082
20	5880000	5890000	-0.383945038
20	5890000	5900000	-0.04820389342
20	5900000	5910000	0.1581337136
20	5910000	5920000	0.1297649681
20	5920000	5930000	-0.4756164916
20	5930000	5940000	-0.5596040307
20	5940000	5950000	-0.5551827927
20	5950000	5960000	-0.3060436364
20	5960000	5970000	-0.291902854
20	5970000	5980000	-0.1779904459
20	5980000	5990000	-0.4888886681
20	5990000	6000000	-0.3991851575
20	6000000	6010000	-0.6675763425
20	6010000	6020000	-0.7098737836
20	6020000	6030000	-0.1787365843
20	6030000	6040000	-0.08539690332
20	6040000	6050000	-0.009586632654
20	6050000	6060000	-0.02589280894
20	6060000	6070000	-0.5529377792
20	6070000	6080000	-0.5495041016
20	6080000	6090000	-0.6362296918
20	6090000	6100000	-0.8362544411
20	6100000	6110000	-0.7604124557
20	6110000	6120000	-0.3930626882
20	6120000	6130000	-0.6484161735
20	6130000	6140000	-0.7064989942
20	6140000	6150000	-0.7264432717
20	6150000	6160000	-0.9771612159
20	6160000	6170000	-0.5483265031
20	6170000	6180000	-0.3629632844
20	6180000	6190000	-0.1489595118
20	6190000	6200000	-0.03286149544
20	6200000	6210000	0.1489708041
20	6210000	6220000	0.183080196
20	6220000	6230000	0.6662326871
20	6230000	6240000	0.5834273288
20	6240000	6250000	0.6490758949
20	6250000	6260000	0.5820173077
20	6260000	6270000	0.1884487464
20	6270000	6280000	0.3173210813
20	6280000	6290000	0.09150730899
20	6290000	6300000	-0.2765642695
20	6300000	6310000	-0.0618144713
20	6310000	6320000	0.2912293495
20	6320000	6330000	0.4934277666
20	6330000	6340000	0.5433282973
20	6340000	6350000	-0.3598605186
20	6350000	6360000	-0.5002274031
20	6360000	6370000	-0.3909719815
20	6370000	6380000	0.3145636037
20	6380000	6390000	0.4086370361
20	6390000	6400000	0.6279568548
20	6400000	6410000	-0.2930954404
20	6410000	6420000	-0.3592627912
20	6420000	6430000	-0.359279878
20	6430000	6440000	-0.2630162103
20	6440000	6450000	-0.1283565259
20	6450000	6460000	-0.1486948604
20	6460000	6470000	-0.5437677634
20	6470000	6480000	-0.30160298
20	6480000	6490000	-0.7776224683
20	6490000	6500000	-0.6569859688
20	6500000	6510000	-0.6901762427
20	6510000	6520000	-0.5496084164
20	6520000	6530000	-0.4693312576
20	6530000	6540000	-0.7934047135
20	6540000	6550000	-0.596117548
20	6550000	6560000	-0.6338506459
20	6560000	6570000	-0.1948685007
20	6570000	6580000	-0.3493395942
20	6580000	6590000	-0.3976108838
20	6590000	6600000	-0.05096670595
20	6600000	6610000	-0.5279673905
20	6610000	6620000	-0.4373070989
20	6620000	6630000	-0.4396036279
20	6630000	6640000	-0.7539940917
20	6640000	6650000	-0.5669186345
20	6650000	6660000	-0.2475734508
20	6660000	6670000	-0.7799182176
20	6670000	6680000	-0.8227479479
20	6680000	6690000	-0.2814416522
20	6690000	6700000	-0.5329573117
20	6700000	6710000	-0.7172877183
20	6710000	6720000	-0.6311371604
20	6720000	6730000	-0.4143688144
20	6730000	6740000	-0.608254736
20	6740000	6750000	-0.8255884076
20	6750000	6760000	-0.5608118564
20	6760000	6770000	-0.5926774123
20	6770000	6780000	-0.6289093496
20	6780000	6790000	-0.7431160913
20	6790000	6800000	-0.7057668156
20	6800000	6810000	-0.702111702
20	6810000	6820000	-0.1038585174
20	6820000	6830000	-0.4611574749
20	6830000	6840000	-0.2619252038
20	6840000	6850000	-0.147601634
20	6850000	6860000	-0.1528092962
20	6860000	6870000	-0.3142951908
20	6870000	6880000	-0.1424358316
20	6880000	6890000	0.4801773942
20	6890000	6900000	0.2761526069
20	6900000	6910000	0.03776927682
20	6910000	6920000	0.006444110247
20	6920000	6930000	-0.5314366371
20	6930000	6940000	-0.3900664381
20	6940000	6950000	-0.5267723031
20	6950000	6960000	-0.02315273534
20	6960000	6970000	1.040208448
20	6970000	6980000	-0.4691200274
20	6980000	6990000	-0.3336311412
20	6990000	7000000	0.3025997133
20	7000000	7010000	0.04859293321
20	7010000	7020000	0.625967881
20	7020000	7030000	-0.2555625727
20	7030000	7040000	-0.06309997644
20	7040000	7050000	-0.007340428812
20	7050000	7060000	0.4926736235
20	7060000	7070000	-0.1971384717
20	7070000	7080000	0.01015835869
20	7080000	7090000	-0.1938757664
20	7090000	7100000	-0.4452695309
20	7100000	7110000	-0.09864561686
20	7110000	7120000	-0.345300014
20	7120000	7130000	-0.2427560143
20	7130000	7140000	-0.65519925
20	7140000	7150000	-0.5857238961
20	7150000	7160000	-0.2441432605
20	7160000	7170000	0.2779561616
20	7170000	7180000	-0.03612909485
20	7180000	7190000	-0.4670969008
20	7190000	7200000	-0.3291446668
20	7200000	7210000	-0.5208833359
20	7210000	7220000	-0.0136764312
20	7220000	7230000	0.6648730756
20	7230000	7240000	0.4546711624
20	7240000	7250000	0.5662324453
20	7250000	7260000	1.042756782
20	7260000	7270000	0.512063784
20	7270000	7280000	-0.3154729587
20	7280000	7290000	-0.3999497968
20	7290000	7300000	-0.5434305454
20	7300000	7310000	-0.4077207694
20	7310000	7320000	-0.473879317
20	7320000	7330000	-0.3185741148
20	7330000	7340000	-0.2820891995
20	7340000	7350000	-0.2702406091
20	7350000	7360000	-0.4011633589
20	7360000	7370000	-0.7087408637
20	7370000	7380000	-0.5043229517
20	7380000	7390000	-0.5400175928
20	7390000	7400000	-0.9381671922
20	7400000	7410000	-0.8458022644
20	7410000	7420000	-0.7259691014
20	7420000	7430000	-0.5180644529
20	7430000	7440000	-0.1081273059
20	7440000	7450000	-0.4748077009
20	7450000	7460000	-0.3252847688
20	7460000	7470000	-0.5240929933
20	7470000	7480000	-0.4004151362
20	7480000	7490000	-0.0747817654
20	7490000	7500000	0.9105509298
20	7500000	7510000	0.04853628535
20	7510000	7520000	-0.4952662606
20	7520000	7530000	-0.7299684179
20	7530000	7540000	-0.174697281
20	7540000	7550000	-0.487115472
20	7550000	7560000	-0.5907860928
20	7560000	7570000	-0.4303463129
20	7570000	7580000	-0.1686606987
20	7580000	7590000	-0.2453542428
20	7590000	7600000	-0.2943589283
20	7600000	7610000	-0.322513731
20	7610000	7620000	-0.3843341573
20	7620000	7630000	-0.6644720435
20	7630000	7640000	-0.525393789
20	7640000	7650000	-0.1269355506
20	7650000	7660000	-0.3657938872
20	7660000	7670000	-0.5119791516
20	7670000	7680000	-0.6457181619
20	7680000	7690000	-0.4238569204
20	7690000	7700000	-0.3823221777
20	7700000	7710000	-0.2923154143
20	7710000	7720000	-0.0933631202
20	7720000	7730000	0.1959727389
20	7730000	7740000	-0.3133090645
20	7740000	7750000	-0.4056463123
20	7750000	7760000	-0.02041478773
20	7760000	7770000	0.2008737782
20	7770000	7780000	-0.1638904508
20	7780000	7790000	0.03364723422
20	7790000	7800000	0.3106494736
20	7800000	7810000	-0.3655535157
20	7810000	7820000	-0.1011077542
20	7820000	7830000	-0.1625759757
20	7830000	7840000	-0.5108663717
20	7840000	7850000	-0.2691142983
20	7850000	7860000	-0.1266242358
20	7860000	7870000	-0.1274169407
20	7870000	7880000	-0.3143721751
20	7880000	7890000	-0.4173335123
20	7890000	7900000	-0.4182350782
20	7900000	7910000	0.2442679529
20	7910000	7920000	-0.1117297368
20	7920000	7930000	0.3892756316
20	7930000	7940000	-0.04497895158
20	7940000	7950000	-0.2773068876
20	7950000	7960000	-0.5857223896
20	7960000	7970000	-0.5747956918
20	7970000	7980000	-0.407671545
20	7980000	7990000	-0.3410472959
20	7990000	8000000	-0.5164618814
20	8000000	8010000	-0.03259475427
20	8010000	8020000	0.5451327395
20	8020000	8030000	0.5724470017
20	8030000	8040000	0.9502667766
20	8040000	8050000	0.6683790419
20	8050000	8060000	0.8094154106
20	8060000	8070000	0.6661962084
20	8070000	8080000	-0.8022007791
20	8080000	8090000	-0.5370172201
20	8090000	8100000	0.7361686066
20	8100000	8110000	0.7607009869
20	8110000	8120000	0.661374114
20	8120000	8130000	-0.2174174452
20	8130000	8140000	-0.5082850384
20	8140000	8150000	-0.6112758474
20	8150000	8160000	-0.472221425
20	8160000	8170000	0.07456834212
20	8170000	8180000	0.1515699299
20	8180000	8190000	-0.34663999
20	8190000	8200000	-0.4564054064
20	8200000	8210000	-0.3419528134
20	8210000	8220000	-0.4434460228
20	8220000	8230000	-0.6500589582
20	8230000	8240000	-0.07744072564
20	8240000	8250000	0.0253460391
20	8250000	8260000	-0.7101271912
20	8260000	8270000	-0.01690175108
20	8270000	8280000	-0.2019107524
20	8280000	8290000	-0.3576963792
20	8290000	8300000	0.01755137387
20	8300000	8310000	-0.5243772534
20	8310000	8320000	-0.2403619536
20	8320000	8330000	-0.4439121754
20	8330000	8340000	-0.4786703771
20	8340000	8350000	-0.6353417506
20	8350000	8360000	-0.6266262762
20	8360000	8370000	-0.1894985112
20	8370000	8380000	0.01992887707
20	8380000	8390000	-0.5204368742
20	8390000	8400000	-0.4982368016
20	8400000	8410000	-0.6938641688
20	8410000	8420000	-0.7377697553
20	8420000	8430000	-0.7827148305
20	8430000	8440000	-0.2573905615
20	8440000	8450000	-0.575126661
20	8450000	8460000	-0.3352889452
20	8460000	8470000	-0.804233367
20	8470000	8480000	-0.8143447359
20	8480000	8490000	-0.828902423
20	8490000	8500000	-0.8082253146
20	8500000	8510000	-0.7081130125
20	8510000	8520000	-0.6959662394
20	8520000	8530000	-0.5164291321
20	8530000	8540000	-0.1011839789
20	8540000	8550000	0.6213832409
20	8550000	8560000	-0.03006698301
20	8560000	8570000	-0.4489405472
20	8570000	8580000	-0.1293494376
20	8580000	8590000	-0.3685178793
20	8590000	8600000	-0.436965096
20	8600000	8610000	-0.2020505736
20	8610000	8620000	-0.4963288708
20	8620000	8630000	-0.3670230424
20	8630000	8640000	-0.3717690788
20	8640000	8650000	-0.1417794223
20	8650000	8660000	0.1696015863
20	8660000	8670000	-0.3853034598
20	8670000	8680000	-0.3387578001
20	8680000	8690000	-0.22109138
20	8690000	8700000	-0.6177693576
20	8700000	8710000	-0.002927882682
20	8710000	8720000	-0.644379711
20	8720000	8730000	-0.3839754097
20	8730000	8740000	-0.2011512802
20	8740000	8750000	-0.5442990508
20	8750000	8760000	-0.4530590634
20	8760000	8770000	0.01942783204
20	8770000	8780000	0.09988943976
20	8780000	8790000	-0.4506458301
20	8790000	8800000	-0.1076988155
20	8800000	8810000	0.2222776846
20	8810000	8820000	-0.2672211025
20	8820000	8830000	-0.7085188826
20	8830000	8840000	-0.7565277394
20	8840000	8850000	-0.4609773656
20	8850000	8860000	-0.6515458201
20	8860000	8870000	-0.7272920483
20	8870000	8880000	-0.7012272375
20	8880000	8890000	-0.9481301163
20	8890000	8900000	-0.6207084341
20	8900000	8910000	-0.4736015662
20	8910000	8920000	-0.2614237324
20	8920000	8930000	-0.4277746794
20	8930000	8940000	-0.352546506
20	8940000	8950000	-0.3040243777
20	8950000	8960000	-0.6689802046
20	8960000	8970000	-0.644032736
20	8970000	8980000	-0.4906534213
20	8980000	8990000	-0.04660255473
20	8990000	9000000	-0.07749852848
20	9000000	9010000	-0.3045795832
20	9010000	9020000	-0.1493375575
20	9020000	9030000	0.2725125073
20	9030000	9040000	-0.2489347172
20	9040000	9050000	-0.1530951426
20	9050000	9060000	-0.3798832118
20	9060000	9070000	0.4076444204
20	9070000	9080000	-0.2465263313
20	9080000	9090000	-0.5008515409
20	9090000	9100000	-0.009152334887
20	9100000	9110000	0.5633445606
20	9110000	9120000	-0.05670759213
20	9120000	9130000	-0.1016786723
20	9130000	9140000	-0.2064311048
20	9140000	9150000	-0.2029229779
20	9150000	9160000	-0.2840071034
20	9160000	9170000	-0.003174785512
20	9170000	9180000	-0.06240897268
20	9180000	9190000	-0.397817667
20	9190000	9200000	-0.3681448655
20	9200000	9210000	-0.2055830196
20	9210000	9220000	-0.1810178612
20	9220000	9230000	-0.2198328612
20	9230000	9240000	0.1127993061
20	9240000	9250000	-0.2994662388
20	9250000	9260000	0.6025780265
20	9260000	9270000	0.2158752269
20	9270000	9280000	-0.2455844047
20	9280000	9290000	-0.5112189893
20	9290000	9300000	-0.06867615171
20	9300000	9310000	-0.2397124615
20	9310000	9320000	-0.5244691413
20	9320000	9330000	-0.2412578531
20	9330000	9340000	-0.05207945121
20	9340000	9350000	-0.118537615
20	9350000	9360000	0.08786411219
20	9360000	9370000	0.465785068
20	9370000	9380000	-0.3185318282
20	9380000	9390000	-0.01882280904
20	9390000	9400000	0.3461573811
20	9400000	9410000	-0.07343331758
20	9410000	9420000	-0.520766326
20	9420000	9430000	-0.4124751945
20	9430000	9440000	0.02887001078
20	9440000	9450000	-0.32280069
20	9450000	9460000	-0.2510375213
20	9460000	9470000	-0.1554211021
20	9470000	9480000	-0.1298780154
20	9480000	9490000	-0.1465820205
20	9490000	9500000	-0.1704547358
20	9500000	9510000	0.3514102984
20	9510000	9520000	1.179018875
20	9520000	9530000	1.583243494
20	9530000	9540000	1.730692274
20	9540000	9550000	1.494719619
20	9550000	9560000	1.308914841
20	9560000	9570000	1.571832372
20	9570000	9580000	1.933280215
20	9580000	9590000	0.6709543339
20	9590000	9600000	0.6104973912
20	9600000	9610000	0.8142710554
20	9610000	9620000	0.9418122278
20	9620000	9630000	0.5863905488
20	9630000	9640000	-0.09328694808
20	9640000	9650000	0.4042268338
20	9650000	9660000	0.4240462721
20	9660000	9670000	0.5680536372
20	9670000	9680000	0.7065165069
20	9680000	9690000	0.8313415579
20	9690000	9700000	0.9607143318
20	9700000	9710000	1.171138183
20	9710000	9720000	0.774116036
20	9720000	9730000	0.9581516886
20	9730000	9740000	1.217642758
20	9740000	9750000	0.8829440877
20	9750000	9760000	0.8107243526
20	9760000	9770000	0.9010847706
20	9770000	9780000	1.378020324
20	9780000	9790000	1.068792416
20	9790000	9800000	1.880340359
20	9800000	9810000	1.710115788
20	9810000	9820000	0.6697327329
20	9820000	9830000	0.9401110978
20	9830000	9840000	1.599390056
20	9840000	9850000	1.957868823
20	9850000	9860000	1.765426122
20	9860000	9870000	2.515217741
20	9870000	9880000	1.825034245
20	9880000	9890000	1.94234115
20	9890000	9900000	1.535044079
20	9900000	9910000	1.719771162
20	9910000	9920000	1.69963835
20	9920000	9930000	0.843397583
20	9930000	9940000	0.9115531872
20	9940000	9950000	0.4849742625
20	9950000	9960000	0.1402239529
20	9960000	9970000	0.2938224787
20	9970000	9980000	0.2272660874
20	9980000	9990000	0.6695937904
20	9990000	10000000	2.796758494
20	10000000	10010000	2.763651355
20	10010000	10020000	3.061647553
20	10020000	10030000	0.7484376721
20	10040000	10050000	0.9716524909
20	10050000	10060000	0.3068497409
20	10060000	10070000	0.493383353
20	10070000	10080000	0.9690902384
20	10080000	10090000	0.5784092568
20	10090000	10100000	0.4616808858
20	10100000	10110000	0.3508692174
20	10110000	10120000	0.1334373462
20	10120000	10130000	0.2666796121
20	10130000	10140000	0.4473970463
20	10140000	10150000	0.3187998338
20	10150000	10160000	0.5003714713
20	10160000	10170000	0.7731159076
20	10170000	10180000	0.7698308998
20	10180000	10190000	0.7556997463
20	10190000	10200000	0.771159244
20	10200000	10210000	0.6021260361
20	10210000	10220000	0.4609250845
20	10220000	10230000	0.3242559568
20	10230000	10240000	0.1521706008
20	10240000	10250000	0.1799108143
20	10250000	10260000	0.06137125773
20	10260000	10270000	0.1152139249
20	10270000	10280000	0.5003325181
20	10280000	10290000	0.6816028614
20	10290000	10300000	0.5157684405
20	10300000	10310000	0.2464525012
20	10310000	10320000	0.06953899368
20	10320000	10330000	-0.1322188442
20	10330000	10340000	0.05629570518
20	10340000	10350000	0.7028427998
20	10350000	10360000	0.07648788114
20	10360000	10370000	-0.01073630289
20	10370000	10380000	0.3746970829
20	10380000	10390000	2.080387915
20	10390000	10400000	0.05345678914
20	10400000	10410000	-0.03338853295
20	10410000	10420000	-0.07878360493
20	10420000	10430000	0.03546108594
20	10430000	10440000	0.2553130386
20	10440000	10450000	0.5651123602
20	10450000	10460000	2.392852433
20	10460000	10470000	2.50841407
20	10470000	10480000	2.179601227
20	10480000	10490000	2.243358165
20	10490000	10500000	2.080080836
20	10500000	10510000	2.275062873
20	10510000	10520000	2.42615424
20	10520000	10530000	1.849237341
20	10530000	10540000	2.123630647
20	10540000	10550000	2.207616727
20	10550000	10560000	1.689849497
20	10560000	10570000	2.081174311
20	10570000	10580000	2.737526271
20	10580000	10590000	2.619702517
20	10590000	10600000	2.354225978
20	10600000	10610000	3.035955642
20	10610000	10620000	2.503411072
20	10620000	10630000	2.830251992
20	10630000	10640000	2.775892525
20	10640000	10650000	2.642105111
20	10650000	10660000	2.811310983
20	10660000	10670000	1.360730441
20	10670000	10680000	3.836380965
20	10680000	10690000	2.791590582
20	10690000	10700000	2.542834481
20	10700000	10710000	1.218907281
20	10710000	10720000	2.217531286
20	10720000	10730000	2.686180107
20	10730000	10740000	1.677543023
20	10760000	10770000	0.1262238515
20	10770000	10780000	0.2007275939
20	10780000	10790000	0.1423426571
20	10790000	10800000	0.1350808666
20	10800000	10810000	0.1295073431
20	10810000	10820000	0.1829645402
20	10820000	10830000	0.2384751285
20	10830000	10840000	0.04967648449
20	10840000	10850000	0.1459953986
20	10850000	10860000	0.3089049232
20	10860000	10870000	0.3442185877
20	10870000	10880000	0.1883562475
20	10880000	10890000	0.1472470839
20	10890000	10900000	1.064897735
20	10900000	10910000	1.794343746
20	10910000	10920000	1.935273306
20	10920000	10930000	2.424389803
20	10930000	10940000	1.302039828
20	10940000	10950000	1.017084496
20	10950000	10960000	1.377528377
20	10960000	10970000	1.114537352
20	10970000	10980000	1.043717267
20	10980000	10990000	0.8648062056
20	10990000	11000000	0.3969662795
20	11000000	11010000	0.3661754611
20	11010000	11020000	0.2026388198
20	11020000	11030000	0.5425454634
20	11030000	11040000	0.3310401762
20	11040000	11050000	0.4955396898
20	11050000	11060000	0.5303900284
20	11060000	11070000	0.6075983403
20	11070000	11080000	1.015834615
20	11080000	11090000	0.9203950993
20	11090000	11100000	0.4805762199
20	11100000	11110000	0.6632284583
20	11110000	11120000	0.1864914558
20	11120000	11130000	0.6864337489
20	11130000	11140000	0.6958346884
20	11140000	11150000	0.4743826871
20	11150000	11160000	0.8646081231
20	11160000	11170000	0.749136951
20	11170000	11180000	0.616298621
20	11180000	11190000	0.7374122326
20	11190000	11200000	0.3161925122
20	11200000	11210000	0.8065088923
20	11210000	11220000	1.120947596
20	11220000	11230000	-0.1310751899
20	11230000	11240000	0.4091109014
20	11240000	11250000	-0.148247791
20	11250000	11260000	0.3057277728
20	11260000	11270000	0.6046820977
20	11270000	11280000	0.7169558375
20	11280000	11290000	0.5654141267
20	11290000	11300000	-0.2549160142
20	11300000	11310000	-0.2546370384
20	11310000	11320000	-0.2521386366
20	11320000	11330000	-0.1382859913
20	11330000	11340000	-0.02454044134
20	11340000	11350000	-0.03020548834
20	11350000	11360000	0.2334890235
20	11360000	11370000	0.100071733
20	11370000	11380000	0.1162827891
20	11380000	11390000	0.4505083097
20	11390000	11400000	0.1231974481
20	11400000	11410000	0.1438606021
20	11410000	11420000	0.08713418163
20	11420000	11430000	0.05851409603
20	11430000	11440000	-0.09187238901
20	11440000	11450000	-0.2864496305
20	11450000	11460000	-0.3292524563
20	11460000	11470000	0.11147852
20	11470000	11480000	0.05915386907
20	11480000	11490000	1.514299549
20	11490000	11500000	0.8611672387
20	11500000	11510000	0.635616639
20	11510000	11520000	0.8391840442
20	11520000	11530000	1.16322047
20	11530000	11540000	1.094195629
20	11540000	11550000	1.326494291
20	11550000	11560000	1.843527362
20	11560000	11570000	1.194695461
20	11570000	11580000	0.6843527761
20	11580000	11590000	0.4339793611
20	11590000	11600000	0.6696926789
20	11600000	11610000	0.4793032678
20	11610000	11620000	0.9243933869
20	11620000	11630000	1.112618758
20	11630000	11640000	0.9818753805
20	11640000	11650000	1.271807017
20	11650000	11660000	1.244208677
20	11660000	11670000	1.244625444
20	11670000	11680000	0.8758762827
20	11680000	11690000	1.036903609
20	11690000	11700000	0.849551716
20	11700000	11710000	0.9205272104
20	11710000	11720000	0.3412140353
20	11720000	11730000	1.083872966
20	11730000	11740000	1.408368931
20	11740000	11750000	1.882711135
20	11750000	11760000	0.8145969009
20	11760000	11770000	0.1209673596
20	11770000	11780000	0.3105206566
20	11780000	11790000	0.4917239353
20	11790000	11800000	0.8203455275
20	11800000	11810000	0.430188308
20	11810000	11820000	0.4293650492
20	11820000	11830000	-0.1916022218
20	11830000	11840000	0.2386460864
20	11840000	11850000	-0.2583735866
20	11850000	11860000	-0.3103068625
20	11860000	11870000	0.8629486964
20	11870000	11880000	1.36032619
20	11880000	11890000	1.507025232
20	11890000	11900000	1.604839966
20	11900000	11910000	1.689585225
20	11910000	11920000	1.984327959
20	11920000	11930000	2.027169332
20	11930000	11940000	1.497798232
20	11940000	11950000	1.295050521
20	11950000	11960000	0.5511807819
20	11960000	11970000	0.3326475029
20	11970000	11980000	0.5194700559
20	11980000	11990000	0.2952140488
20	11990000	12000000	-0.3855491786
20	12000000	12010000	-0.4745769509
20	12010000	12020000	-0.2199495083
20	12020000	12030000	-0.3106851511
20	12030000	12040000	0.0331167163
20	12040000	12050000	-0.04340890608
20	12050000	12060000	0.1895513315
20	12060000	12070000	-0.2002942801
20	12070000	12080000	-0.1588089511
20	12080000	12090000	-0.1203082773
20	12090000	12100000	-0.2038413189
20	12100000	12110000	-0.292246131
20	12110000	12120000	-0.2647621431
20	12120000	12130000	-0.03481193507
20	12130000	12140000	0.2123794016
20	12140000	12150000	-0.1901697497
20	12150000	12160000	0.0275701176
20	12160000	12170000	-0.03315519946
20	12170000	12180000	-0.1873001641
20	12180000	12190000	-0.5370890077
20	12190000	12200000	-0.3496376819
20	12200000	12210000	-0.009606224327
20	12210000	12220000	0.04319248754
20	12220000	12230000	0.06584583752
20	12230000	12240000	0.2355036164
20	12240000	12250000	-0.31483364
20	12250000	12260000	-0.3213173937
20	12260000	12270000	-0.4437302585
20	12270000	12280000	-0.3060149222
20	12280000	12290000	0.4682915733
20	12290000	12300000	1.052808074
20	12300000	12310000	0.7231867202
20	12310000	12320000	1.471928605
20	12320000	12330000	1.82161526
20	12330000	12340000	0.9579570495
20	12340000	12350000	0.3144584161
20	12350000	12360000	0.4538010706
20	12360000	12370000	0.4043652564
20	12370000	12380000	-0.02038158426
20	12380000	12390000	0.9708909234
20	12390000	12400000	0.2502207968
20	12400000	12410000	0.26696554
20	12410000	12420000	0.449770435
20	12420000	12430000	0.7430030232
20	12430000	12440000	0.6302067526
20	12440000	12450000	0.477631018
20	12450000	12460000	0.1885196684
20	12460000	12470000	0.1331873883
20	12470000	12480000	0.1393339105
20	12480000	12490000	0.2736732657
20	12490000	12500000	0.7830250168
20	12500000	12510000	0.5604874218
20	12510000	12520000	0.297440979
20	12520000	12530000	0.28741464
20	12530000	12540000	0.1257949832
20	12540000	12550000	0.847023445
20	12550000	12560000	0.624999978
20	12560000	12570000	0.7632338852
20	12570000	12580000	0.1195629227
20	12580000	12590000	0.7932988707
20	12590000	12600000	0.7068577274
20	12600000	12610000	0.5585779607
20	12610000	12620000	0.324589556
20	12620000	12630000	0.4803642755
20	12630000	12640000	0.2477177803
20	12640000	12650000	1.152812341
20	12650000	12660000	0.8463173949
20	12660000	12670000	0.4746611806
20	12670000	12680000	0.3977329293
20	12680000	12690000	0.5091185279
20	12690000	12700000	0.9711644335
20	12700000	12710000	1.346918957
20	12710000	12720000	1.479599152
20	12720000	12730000	1.371025686
20	12730000	12740000	1.590418406
20	12740000	12750000	1.757454098
20	12750000	12760000	1.918957582
20	12760000	12770000	2.241768713
20	12770000	12780000	1.600514211
20	12780000	12790000	2.304690204
20	12790000	12800000	2.324501388
20	12800000	12810000	1.47079846
20	12810000	12820000	2.083311318
20	12820000	12830000	1.785906999
20	12830000	12840000	1.583826438
20	12840000	12850000	2.334087457
20	12850000	12860000	1.931011156
20	12860000	12870000	2.572416821
20	12870000	12880000	0.4204947981
20	12880000	12890000	0.1747877337
20	12890000	12900000	0.3041269684
20	12900000	12910000	0.4381074061
20	12910000	12920000	0.9237677377
20	12920000	12930000	-0.04455178407
20	12930000	12940000	0.1460301471
20	12940000	12950000	0.5590511207
20	12950000	12960000	0.7846801686
20	12960000	12970000	0.383151548
20	12970000	12980000	0.4609529333
20	12980000	12990000	0.136669576
20	12990000	13000000	0.2971288199
20	13000000	13010000	0.5611843647
20	13010000	13020000	1.376858494
20	13020000	13030000	1.120843181
20	13030000	13040000	1.451642539
20	13040000	13050000	0.9989667063
20	13050000	13060000	0.9388879227
20	13060000	13070000	1.24892941
20	13070000	13080000	1.43226564
20	13080000	13090000	0.5191409029
20	13090000	13100000	-0.1612105415
20	13100000	13110000	-0.2384928928
20	13110000	13120000	-0.09033068769
20	13120000	13130000	0.02458051003
20	13130000	13140000	-0.1335787992
20	13140000	13150000	0.3581274687
20	13150000	13160000	0.003356240542
20	13160000	13170000	0.09219470241
20	13170000	13180000	1.110354665
20	13180000	13190000	1.099184145
20	13190000	13200000	0.9342401666
20	13200000	13210000	1.0717711
20	13210000	13220000	0.7878090554
20	13220000	13230000	0.8697717028
20	13230000	13240000	0.7077268039
20	13240000	13250000	0.2529580565
20	13250000	13260000	0.06451557729
20	13260000	13270000	0.7656245213
20	13270000	13280000	1.808474456
20	13280000	13290000	1.924065141
20	13290000	13300000	1.662538853
20	13300000	13310000	1.962007989
20	13310000	13320000	1.706470943
20	13320000	13330000	2.06492009
20	13330000	13340000	1.840502305
20	13340000	13350000	1.557235365
20	13350000	13360000	1.691792769
20	13360000	13370000	1.313307603
20	13370000	13380000	0.9715967573
20	13380000	13390000	0.3955906177
20	13390000	13400000	-0.1762722422
20	13400000	13410000	0.04769351781
20	13410000	13420000	1.420839202
20	13420000	13430000	1.005807394
20	13430000	13440000	1.317446431
20	13440000	13450000	0.8362216553
20	13450000	13460000	0.9754771425
20	13460000	13470000	0.3997938793
20	13470000	13480000	1.128711934
20	13480000	13490000	0.6127953721
20	13490000	13500000	0.263045203
20	13500000	13510000	0.57623102
20	13510000	13520000	0.6914443976
20	13520000	13530000	0.7930640979
20	13530000	13540000	0.9275028339
20	13540000	13550000	0.70850319
20	13550000	13560000	0.7562197099
20	13560000	13570000	0.507064669
20	13570000	13580000	0.7338857198
20	13580000	13590000	0.2914263095
20	13590000	13600000	0.2179391609
20	13600000	13610000	0.7960467032
20	13610000	13620000	0.3306240524
20	13620000	13630000	0.6151356625
20	13630000	13640000	-0.03565232173
20	13640000	13650000	0.07429692037
20	13650000	13660000	0.07045224199
20	13660000	13670000	-0.05161724596
20	13670000	13680000	0.2441195851
20	13680000	13690000	1.029112155
20	13690000	13700000	1.2861467
20	13700000	13710000	0.7707046654
20	13710000	13720000	0.8084179561
20	13720000	13730000	1.377491199
20	13730000	13740000	0.2120941404
20	13740000	13750000	0.6386752772
20	13750000	13760000	0.5955153234
20	13760000	13770000	0.6081201411
20	13770000	13780000	0.7813556056
20	13780000	13790000	1.163343127
20	13790000	13800000	0.773124029
20	13800000	13810000	1.237227605
20	13810000	13820000	0.6195887075
20	13820000	13830000	-0.4393802784
20	13830000	13840000	0.6494673534
20	13840000	13850000	0.8250178231
20	13850000	13860000	0.757604587
20	13860000	13870000	0.7471580703
20	13870000	13880000	1.259489585
20	13880000	13890000	1.057382492
20	13890000	13897287	0.9746024506
