11	11604561	11604562	id-11057279	0.001000
11	11604562	11604563	id-11057280	0.000000
11	11604563	11604564	id-11057281	0.002000
11	11604564	11604565	id-11057282	0.007000
11	11604565	11604566	id-11057283	0.004000
11	11604566	11604567	id-11057284	0.004000
11	11604567	11604568	id-11057285	0.005000
11	11604568	11604569	id-11057286	0.001000
11	11604569	11604570	id-11057287	0.001000
11	11604570	11604571	id-11057288	0.001000
11	11604571	11604572	id-11057289	0.000000
11	11604572	11604573	id-11057290	0.001000
11	11604573	11604574	id-11057291	0.000000
11	11604574	11604575	id-11057292	0.000000
11	11604575	11604576	id-11057293	0.003000
11	11604576	11604577	id-11057294	0.000000
11	11604577	11604578	id-11057295	0.000000
11	11604578	11604579	id-11057296	0.000000
11	11604579	11604580	id-11057297	0.000000
11	11604580	11604581	id-11057298	0.000000
11	11604581	11604582	id-11057299	0.000000
11	11604582	11604583	id-11057300	0.000000
11	11604583	11604584	id-11057301	0.000000
11	11604584	11604585	id-11057302	0.001000
11	11604585	11604586	id-11057303	0.000000
11	11604586	11604587	id-11057304	0.000000
11	11604587	11604588	id-11057305	0.000000
11	11604588	11604589	id-11057306	0.000000
11	11604589	11604590	id-11057307	0.000000
11	11604590	11604591	id-11057308	0.000000
11	11604591	11604592	id-11057309	0.000000
11	11604592	11604593	id-11057310	0.000000
11	11604593	11604594	id-11057311	0.000000
11	11604594	11604595	id-11057312	0.000000
11	11604595	11604596	id-11057313	0.012000
11	11604596	11604597	id-11057314	0.000000
11	11604597	11604598	id-11057315	0.000000
11	11604598	11604599	id-11057316	0.000000
11	11604599	11604600	id-11057317	0.000000
11	11604600	11604601	id-11057318	0.000000
11	11604601	11604602	id-11057319	0.000000
11	11604602	11604603	id-11057320	0.000000
11	11604603	11604604	id-11057321	0.001000
11	11604604	11604605	id-11057322	0.000000
11	11604605	11604606	id-11057323	0.000000
11	11604606	11604607	id-11057324	0.000000
11	11604607	11604608	id-11057325	0.000000
11	11604608	11604609	id-11057326	0.001000
11	11604609	11604610	id-11057327	0.001000
11	11604610	11604611	id-11057328	0.003000
11	11604611	11604612	id-11057329	0.003000
11	11604612	11604613	id-11057330	0.001000
11	11604613	11604614	id-11057331	0.000000
11	11604614	11604615	id-11057332	0.000000
11	11604615	11604616	id-11057333	0.001000
11	11604616	11604617	id-11057334	0.000000
11	11604617	11604618	id-11057335	0.000000
11	11604618	11604619	id-11057336	0.000000
11	11604619	11604620	id-11057337	0.000000
11	11604620	11604621	id-11057338	0.000000
11	11604621	11604622	id-11057339	0.002000
11	11604622	11604623	id-11057340	0.001000
11	11604623	11604624	id-11057341	0.001000
11	11604624	11604625	id-11057342	0.002000
11	11604625	11604626	id-11057343	0.004000
11	11604626	11604627	id-11057344	0.000000
11	11604627	11604628	id-11057345	0.000000
11	11604628	11604629	id-11057346	0.000000
11	11604629	11604630	id-11057347	0.001000
11	11604630	11604631	id-11057348	0.000000
11	11604631	11604632	id-11057349	0.000000
11	11604632	11604633	id-11057350	0.000000
11	11604633	11604634	id-11057351	0.002000
11	11604634	11604635	id-11057352	0.004000
11	11604635	11604636	id-11057353	0.002000
11	11604636	11604637	id-11057354	0.000000
11	11604637	11604638	id-11057355	0.001000
11	11604638	11604639	id-11057356	0.003000
11	11604639	11604640	id-11057357	0.156000
11	11604640	11604641	id-11057358	0.156000
11	11604641	11604642	id-11057359	0.066000
11	11604642	11604643	id-11057360	0.000000
11	11604643	11604644	id-11057361	0.000000
11	11604644	11604645	id-11057362	0.000000
11	11604645	11604646	id-11057363	0.000000
11	11604646	11604647	id-11057364	0.000000
11	11604647	11604648	id-11057365	0.000000
11	11604648	11604649	id-11057366	0.000000
11	11604649	11604650	id-11057367	0.000000
11	11604650	11604651	id-11057368	0.000000
11	11604651	11604652	id-11057369	0.000000
11	11604652	11604653	id-11057370	0.009000
11	11604653	11604654	id-11057371	0.014000
11	11604654	11604655	id-11057372	0.005000
11	11604655	11604656	id-11057373	0.000000
11	11604656	11604657	id-11057374	0.001000
11	11604657	11604658	id-11057375	0.001000
11	11604658	11604659	id-11057376	0.000000
11	11604659	11604660	id-11057377	0.000000
11	11604660	11604661	id-11057378	0.001000
11	11604661	11604662	id-11057379	0.000000
11	11604662	11604663	id-11057380	0.000000
11	11604663	11604664	id-11057381	0.000000
11	11604664	11604665	id-11057382	0.000000
11	11604665	11604666	id-11057383	0.002000
11	11604666	11604667	id-11057384	0.004000
11	11604667	11604668	id-11057385	0.000000
11	11604668	11604669	id-11057386	0.000000
11	11604669	11604670	id-11057387	0.000000
11	11604670	11604671	id-11057388	0.000000
11	11604671	11604672	id-11057389	0.001000
11	11604672	11604673	id-11057390	0.000000
11	11604673	11604674	id-11057391	0.000000
11	11604674	11604675	id-11057392	0.000000
11	11604675	11604676	id-11057393	0.000000
11	11604676	11604677	id-11057394	0.001000
11	11604677	11604678	id-11057395	0.000000
11	11604678	11604679	id-11057396	0.000000
11	11604679	11604680	id-11057397	0.000000
11	11604680	11604681	id-11057398	0.000000
11	11604681	11604682	id-11057399	0.000000
11	11604682	11604683	id-11057400	0.000000
11	11604683	11604684	id-11057401	0.003000
11	11604684	11604685	id-11057402	0.000000
11	11604685	11604686	id-11057403	0.000000
11	11604686	11604687	id-11057404	0.000000
11	11604687	11604688	id-11057405	0.000000
11	11604688	11604689	id-11057406	0.000000
11	11604689	11604690	id-11057407	0.001000
11	11604690	11604691	id-11057408	0.000000
11	11604691	11604692	id-11057409	0.000000
11	11604692	11604693	id-11057410	0.001000
11	11604693	11604694	id-11057411	0.002000
11	11604694	11604695	id-11057412	0.002000
11	11604695	11604696	id-11057413	0.001000
11	11604696	11604697	id-11057414	0.001000
11	11604697	11604698	id-11057415	0.002000
11	11604698	11604699	id-11057416	0.010000
11	11604699	11604700	id-11057417	0.020000
11	11604700	11604701	id-11057418	0.007000
11	11604701	11604702	id-11057419	0.004000
11	11604702	11604703	id-11057420	0.001000
11	11604703	11604704	id-11057421	0.001000
11	11604704	11604705	id-11057422	0.001000
11	11604705	11604706	id-11057423	0.005000
11	11604706	11604707	id-11057424	0.009000
11	11604707	11604708	id-11057425	0.007000
11	11604708	11604709	id-11057426	0.004000
11	11604709	11604710	id-11057427	0.029000
11	11604710	11604711	id-11057428	0.034000
11	11604711	11604712	id-11057429	0.047000
11	11604712	11604713	id-11057430	0.085000
11	11604713	11604714	id-11057431	0.088000
11	11604714	11604715	id-11057432	0.076000
11	11604715	11604716	id-11057433	0.010000
11	11604716	11604717	id-11057434	0.000000
11	11604717	11604718	id-11057435	0.000000
11	11604718	11604719	id-11057436	0.002000
11	11604719	11604720	id-11057437	0.001000
11	11604720	11604721	id-11057438	0.000000
11	11604721	11604722	id-11057439	0.000000
11	11604722	11604723	id-11057440	0.000000
11	11604723	11604724	id-11057441	0.000000
11	11604724	11604725	id-11057442	0.000000
11	11604725	11604726	id-11057443	0.000000
11	11604726	11604727	id-11057444	0.000000
11	11604727	11604728	id-11057445	0.004000
11	11604728	11604729	id-11057446	0.004000
11	11604729	11604730	id-11057447	0.000000
11	11604730	11604731	id-11057448	0.000000
11	11604731	11604732	id-11057449	0.000000
11	11604732	11604733	id-11057450	0.000000
11	11604733	11604734	id-11057451	0.002000
11	11604734	11604735	id-11057452	0.002000
11	11604735	11604736	id-11057453	0.000000
11	11604736	11604737	id-11057454	0.000000
11	11604737	11604738	id-11057455	0.000000
11	11604738	11604739	id-11057456	0.000000
11	11604739	11604740	id-11057457	0.000000
11	11604740	11604741	id-11057458	0.000000
11	11604741	11604742	id-11057459	0.000000
11	11604742	11604743	id-11057460	0.000000
11	11604743	11604744	id-11057461	0.001000
11	11604744	11604745	id-11057462	0.002000
11	11604745	11604746	id-11057463	0.007000
11	11604746	11604747	id-11057464	0.111000
11	11604747	11604748	id-11057465	0.199000
11	11604748	11604749	id-11057466	0.198000
11	11604749	11604750	id-11057467	0.166000
11	11604750	11604751	id-11057468	0.123000
11	11604751	11604752	id-11057469	0.069000
11	11604752	11604753	id-11057470	0.048000
11	11604753	11604754	id-11057471	0.028000
11	11604754	11604755	id-11057472	0.053000
11	11604755	11604756	id-11057473	0.035000
11	11604756	11604757	id-11057474	0.002000
11	11604757	11604758	id-11057475	0.002000
11	11604758	11604759	id-11057476	0.003000
11	11604759	11604760	id-11057477	0.016000
11	11604760	11604761	id-11057478	0.024000
11	11604761	11604762	id-11057479	0.022000
11	11604762	11604763	id-11057480	0.000000
11	11604763	11604764	id-11057481	0.000000
11	11604764	11604765	id-11057482	0.000000
11	11604765	11604766	id-11057483	0.000000
11	11604766	11604767	id-11057484	0.000000
11	11604767	11604768	id-11057485	0.000000
11	11604768	11604769	id-11057486	0.000000
11	11604769	11604770	id-11057487	0.000000
11	11604770	11604771	id-11057488	0.000000
11	11604771	11604772	id-11057489	0.000000
11	11604772	11604773	id-11057490	0.000000
11	11604773	11604774	id-11057491	0.001000
11	11604774	11604775	id-11057492	0.000000
11	11604775	11604776	id-11057493	0.000000
11	11604776	11604777	id-11057494	0.027000
11	11604777	11604778	id-11057495	0.031000
11	11604778	11604779	id-11057496	0.000000
11	11604779	11604780	id-11057497	0.000000
11	11604780	11604781	id-11057498	0.000000
11	11604781	11604782	id-11057499	0.000000
11	11604782	11604783	id-11057500	0.000000
11	11604783	11604784	id-11057501	0.000000
11	11604784	11604785	id-11057502	0.000000
11	11604785	11604786	id-11057503	0.000000
11	11604786	11604787	id-11057504	0.001000
11	11604787	11604788	id-11057505	0.003000
11	11604788	11604789	id-11057506	0.003000
11	11604789	11604790	id-11057507	0.004000
11	11604790	11604791	id-11057508	0.016000
11	11604791	11604792	id-11057509	0.014000
11	11604792	11604793	id-11057510	0.001000
11	11604793	11604794	id-11057511	0.000000
11	11604794	11604795	id-11057512	0.000000
11	11604795	11604796	id-11057513	0.017000
11	11604796	11604797	id-11057514	0.012000
11	11604797	11604798	id-11057515	0.001000
11	11604798	11604799	id-11057516	0.001000
11	11604799	11604800	id-11057517	0.001000
11	11604800	11604801	id-11057518	0.000000
11	11604801	11604802	id-11057519	0.000000
11	11604802	11604803	id-11057520	0.000000
11	11604803	11604804	id-11057521	0.000000
11	11604804	11604805	id-11057522	0.000000
11	11604805	11604806	id-11057523	0.000000
11	11604806	11604807	id-11057524	0.000000
11	11604807	11604808	id-11057525	0.000000
11	11604808	11604809	id-11057526	0.024000
11	11604809	11604810	id-11057527	0.040000
11	11604810	11604811	id-11057528	0.041000
11	11604811	11604812	id-11057529	0.033000
11	11604812	11604813	id-11057530	0.104000
11	11604813	11604814	id-11057531	0.103000
11	11604814	11604815	id-11057532	0.414000
11	11604815	11604816	id-11057533	0.430000
11	11604816	11604817	id-11057534	0.383000
11	11604817	11604818	id-11057535	0.315000
11	11604818	11604819	id-11057536	0.065000
11	11604819	11604820	id-11057537	0.025000
11	11604820	11604821	id-11057538	0.008000
11	11604821	11604822	id-11057539	0.001000
11	11604822	11604823	id-11057540	0.000000
11	11604823	11604824	id-11057541	0.000000
11	11604824	11604825	id-11057542	0.000000
11	11604825	11604826	id-11057543	0.000000
11	11604826	11604827	id-11057544	0.000000
11	11604827	11604828	id-11057545	0.000000
11	11604828	11604829	id-11057546	0.000000
11	11604829	11604830	id-11057547	0.000000
11	11604830	11604831	id-11057548	0.000000
11	11604831	11604832	id-11057549	0.000000
11	11604832	11604833	id-11057550	0.000000
11	11604833	11604834	id-11057551	0.000000
11	11604834	11604835	id-11057552	0.000000
11	11604835	11604836	id-11057553	0.000000
11	11604836	11604837	id-11057554	0.000000
11	11604837	11604838	id-11057555	0.000000
11	11604838	11604839	id-11057556	0.000000
11	11604839	11604840	id-11057557	0.000000
11	11604840	11604841	id-11057558	0.000000
11	11604841	11604842	id-11057559	0.000000
11	11604842	11604843	id-11057560	0.000000
11	11604843	11604844	id-11057561	0.000000
11	11604844	11604845	id-11057562	0.000000
11	11604845	11604846	id-11057563	0.000000
11	11604846	11604847	id-11057564	0.003000
11	11604847	11604848	id-11057565	0.002000
11	11604848	11604849	id-11057566	0.000000
11	11604849	11604850	id-11057567	0.000000
11	11604850	11604851	id-11057568	0.000000
11	11604851	11604852	id-11057569	0.000000
11	11604852	11604853	id-11057570	0.000000
11	11604853	11604854	id-11057571	0.000000
11	11604854	11604855	id-11057572	0.000000
11	11604855	11604856	id-11057573	0.000000
11	11604856	11604857	id-11057574	0.000000
11	11604857	11604858	id-11057575	0.002000
11	11604858	11604859	id-11057576	0.002000
11	11604859	11604860	id-11057577	0.000000
11	11604860	11604861	id-11057578	0.000000
11	11604861	11604862	id-11057579	0.001000
11	11604862	11604863	id-11057580	0.000000
11	11604863	11604864	id-11057581	0.000000
11	11604864	11604865	id-11057582	0.000000
11	11604865	11604866	id-11057583	0.000000
11	11604866	11604867	id-11057584	0.000000
11	11604867	11604868	id-11057585	0.000000
11	11604868	11604869	id-11057586	0.000000
11	11604869	11604870	id-11057587	0.000000
11	11604870	11604871	id-11057588	0.000000
11	11604871	11604872	id-11057589	0.000000
11	11604872	11604873	id-11057590	0.000000
11	11604873	11604874	id-11057591	0.000000
11	11604874	11604875	id-11057592	0.000000
11	11604875	11604876	id-11057593	0.000000
11	11604876	11604877	id-11057594	0.000000
11	11604877	11604878	id-11057595	0.000000
11	11604878	11604879	id-11057596	0.000000
11	11604879	11604880	id-11057597	0.000000
11	11604880	11604881	id-11057598	0.000000
11	11604881	11604882	id-11057599	0.001000
11	11604882	11604883	id-11057600	0.001000
11	11604883	11604884	id-11057601	0.000000
11	11604884	11604885	id-11057602	0.008000
11	11604885	11604886	id-11057603	0.007000
11	11604886	11604887	id-11057604	0.006000
11	11604887	11604888	id-11057605	0.000000
11	11604888	11604889	id-11057606	0.005000
11	11604889	11604890	id-11057607	0.008000
11	11604890	11604891	id-11057608	0.000000
11	11604891	11604892	id-11057609	0.000000
11	11604892	11604893	id-11057610	0.000000
11	11604893	11604894	id-11057611	0.000000
11	11604894	11604895	id-11057612	0.002000
11	11604895	11604896	id-11057613	0.000000
11	11604896	11604897	id-11057614	0.000000
11	11604897	11604898	id-11057615	0.000000
11	11604898	11604899	id-11057616	0.002000
11	11604899	11604900	id-11057617	0.004000
11	11604900	11604901	id-11057618	0.000000
11	11604901	11604902	id-11057619	0.000000
11	11604902	11604903	id-11057620	0.000000
11	11604903	11604904	id-11057621	0.000000
11	11604904	11604905	id-11057622	0.000000
11	11604905	11604906	id-11057623	0.001000
11	11604906	11604907	id-11057624	0.001000
11	11604907	11604908	id-11057625	0.001000
11	11604908	11604909	id-11057626	0.000000
11	11604909	11604910	id-11057627	0.000000
11	11604910	11604911	id-11057628	0.000000
11	11604911	11604912	id-11057629	0.002000
11	11604912	11604913	id-11057630	0.005000
11	11604913	11604914	id-11057631	0.000000
11	11604914	11604915	id-11057632	0.000000
11	11604915	11604916	id-11057633	0.001000
11	11604916	11604917	id-11057634	0.001000
11	11604917	11604918	id-11057635	0.000000
11	11604918	11604919	id-11057636	0.000000
11	11604919	11604920	id-11057637	0.000000
11	11604920	11604921	id-11057638	0.000000
11	11604921	11604922	id-11057639	0.000000
11	11604922	11604923	id-11057640	0.005000
11	11604923	11604924	id-11057641	0.003000
11	11604924	11604925	id-11057642	0.004000
11	11604925	11604926	id-11057643	0.010000
11	11604926	11604927	id-11057644	0.005000
11	11604927	11604928	id-11057645	0.001000
11	11604928	11604929	id-11057646	0.000000
11	11604929	11604930	id-11057647	0.000000
11	11604930	11604931	id-11057648	0.001000
11	11604931	11604932	id-11057649	0.001000
11	11604932	11604933	id-11057650	0.001000
11	11604933	11604934	id-11057651	0.000000
11	11604934	11604935	id-11057652	0.000000
11	11604935	11604936	id-11057653	0.000000
11	11604936	11604937	id-11057654	0.001000
11	11604937	11604938	id-11057655	0.005000
11	11604938	11604939	id-11057656	0.007000
11	11604939	11604940	id-11057657	0.013000
11	11604940	11604941	id-11057658	0.027000
11	11604941	11604942	id-11057659	0.034000
11	11604942	11604943	id-11057660	0.035000
11	11604943	11604944	id-11057661	0.036000
11	11604944	11604945	id-11057662	0.036000
11	11604945	11604946	id-11057663	0.034000
11	11604946	11604947	id-11057664	0.035000
11	11604947	11604948	id-11057665	0.026000
11	11604948	11604949	id-11057666	0.021000
11	11604949	11604950	id-11057667	0.010000
11	11604950	11604951	id-11057668	0.002000
11	11604951	11604952	id-11057669	0.000000
11	11604952	11604953	id-11057670	0.000000
11	11604953	11604954	id-11057671	0.000000
11	11604954	11604955	id-11057672	0.002000
11	11604955	11604956	id-11057673	0.002000
11	11604956	11604957	id-11057674	0.002000
11	11604957	11604958	id-11057675	0.003000
11	11604958	11604959	id-11057676	0.003000
11	11604959	11604960	id-11057677	0.003000
11	11604960	11604961	id-11057678	0.005000
11	11604961	11604962	id-11057679	0.005000
11	11604962	11604963	id-11057680	0.006000
11	11604963	11604964	id-11057681	0.008000
11	11604964	11604965	id-11057682	0.007000
11	11604965	11604966	id-11057683	0.003000
11	11604966	11604967	id-11057684	0.001000
11	11604967	11604968	id-11057685	0.001000
11	11604968	11604969	id-11057686	0.000000
11	11604969	11604970	id-11057687	0.000000
11	11604970	11604971	id-11057688	0.001000
11	11604971	11604972	id-11057689	0.001000
11	11604972	11604973	id-11057690	0.001000
11	11604973	11604974	id-11057691	0.001000
11	11604974	11604975	id-11057692	0.001000
11	11604975	11604976	id-11057693	0.001000
11	11604976	11604977	id-11057694	0.003000
11	11604977	11604978	id-11057695	0.010000
11	11604978	11604979	id-11057696	0.014000
11	11604979	11604980	id-11057697	0.014000
11	11604980	11604981	id-11057698	0.010000
11	11604981	11604982	id-11057699	0.006000
11	11604982	11604983	id-11057700	0.002000
11	11604983	11604984	id-11057701	0.002000
11	11604984	11604985	id-11057702	0.003000
11	11604985	11604986	id-11057703	0.005000
11	11604986	11604987	id-11057704	0.004000
11	11604987	11604988	id-11057705	0.004000
11	11604988	11604989	id-11057706	0.003000
11	11604989	11604990	id-11057707	0.006000
11	11604990	11604991	id-11057708	0.005000
11	11604991	11604992	id-11057709	0.002000
11	11604992	11604993	id-11057710	0.001000
11	11604993	11604994	id-11057711	0.000000
11	11604994	11604995	id-11057712	0.000000
11	11604995	11604996	id-11057713	0.000000
11	11604996	11604997	id-11057714	0.001000
11	11604997	11604998	id-11057715	0.001000
11	11604998	11604999	id-11057716	0.001000
11	11604999	11605000	id-11057717	0.001000
11	11605000	11605001	id-11057718	0.002000
11	11605001	11605002	id-11057719	0.001000
11	11605002	11605003	id-11057720	0.001000
11	11605003	11605004	id-11057721	0.002000
11	11605004	11605005	id-11057722	0.000000
11	11605005	11605006	id-11057723	0.000000
11	11605006	11605007	id-11057724	0.000000
11	11605007	11605008	id-11057725	0.000000
11	11605008	11605009	id-11057726	0.000000
11	11605009	11605010	id-11057727	0.001000
11	11605010	11605011	id-11057728	0.000000
11	11605011	11605012	id-11057729	0.000000
11	11605012	11605013	id-11057730	0.000000
11	11605013	11605014	id-11057731	0.001000
11	11605014	11605015	id-11057732	0.002000
11	11605015	11605016	id-11057733	0.004000
11	11605016	11605017	id-11057734	0.006000
11	11605017	11605018	id-11057735	0.007000
11	11605018	11605019	id-11057736	0.001000
11	11605019	11605020	id-11057737	0.000000
11	11605020	11605021	id-11057738	0.000000
11	11605021	11605022	id-11057739	0.001000
11	11605022	11605023	id-11057740	0.000000
11	11605023	11605024	id-11057741	0.000000
11	11605024	11605025	id-11057742	0.000000
11	11605025	11605026	id-11057743	0.001000
11	11605026	11605027	id-11057744	0.001000
11	11605027	11605028	id-11057745	0.000000
11	11605028	11605029	id-11057746	0.000000
11	11605029	11605030	id-11057747	0.001000
11	11605030	11605031	id-11057748	0.001000
11	11605031	11605032	id-11057749	0.001000
11	11605032	11605033	id-11057750	0.002000
11	11605033	11605034	id-11057751	0.001000
11	11605034	11605035	id-11057752	0.002000
11	11605035	11605036	id-11057753	0.005000
11	11605036	11605037	id-11057754	0.003000
11	11605037	11605038	id-11057755	0.001000
11	11605038	11605039	id-11057756	0.001000
11	11605039	11605040	id-11057757	0.003000
11	11605040	11605041	id-11057758	0.003000
11	11605041	11605042	id-11057759	0.001000
11	11605042	11605043	id-11057760	0.000000
11	11605043	11605044	id-11057761	0.000000
11	11605044	11605045	id-11057762	0.001000
11	11605045	11605046	id-11057763	0.002000
11	11605046	11605047	id-11057764	0.002000
11	11605047	11605048	id-11057765	0.001000
11	11605048	11605049	id-11057766	0.000000
11	11605049	11605050	id-11057767	0.000000
11	11605050	11605051	id-11057768	0.000000
11	11605051	11605052	id-11057769	0.001000
11	11605052	11605053	id-11057770	0.000000
11	11605053	11605054	id-11057771	0.000000
11	11605054	11605055	id-11057772	0.000000
11	11605055	11605056	id-11057773	0.000000
11	11605056	11605057	id-11057774	0.000000
11	11605057	11605058	id-11057775	0.000000
11	11605058	11605059	id-11057776	0.000000
11	11605059	11605060	id-11057777	0.000000
11	11605060	11605061	id-11057778	0.001000
11	11605061	11605062	id-11057779	0.003000
11	11605062	11605063	id-11057780	0.004000
11	11605063	11605064	id-11057781	0.005000
11	11605064	11605065	id-11057782	0.005000
11	11605065	11605066	id-11057783	0.003000
11	11605066	11605067	id-11057784	0.002000
11	11605067	11605068	id-11057785	0.001000
11	11605068	11605069	id-11057786	0.001000
11	11605069	11605070	id-11057787	0.001000
11	11605070	11605071	id-11057788	0.000000
11	11605071	11605072	id-11057789	0.000000
11	11605072	11605073	id-11057790	0.000000
11	11605073	11605074	id-11057791	0.000000
11	11605074	11605075	id-11057792	0.000000
11	11605075	11605076	id-11057793	0.001000
11	11605076	11605077	id-11057794	0.001000
11	11605077	11605078	id-11057795	0.001000
11	11605078	11605079	id-11057796	0.001000
11	11605079	11605080	id-11057797	0.000000
11	11605080	11605081	id-11057798	0.000000
11	11605081	11605082	id-11057799	0.000000
11	11605082	11605083	id-11057800	0.000000
11	11605083	11605084	id-11057801	0.001000
11	11605084	11605085	id-11057802	0.003000
11	11605085	11605086	id-11057803	0.002000
11	11605086	11605087	id-11057804	0.002000
11	11605087	11605088	id-11057805	0.002000
11	11605088	11605089	id-11057806	0.017000
11	11605089	11605090	id-11057807	0.014000
11	11605090	11605091	id-11057808	0.005000
11	11605091	11605092	id-11057809	0.001000
11	11605092	11605093	id-11057810	0.000000
11	11605093	11605094	id-11057811	0.001000
11	11605094	11605095	id-11057812	0.001000
11	11605095	11605096	id-11057813	0.001000
11	11605096	11605097	id-11057814	0.000000
11	11605097	11605098	id-11057815	0.000000
11	11605098	11605099	id-11057816	0.001000
11	11605099	11605100	id-11057817	0.001000
11	11605100	11605101	id-11057818	0.001000
11	11605101	11605102	id-11057819	0.002000
11	11605102	11605103	id-11057820	0.001000
11	11605103	11605104	id-11057821	0.003000
11	11605104	11605105	id-11057822	0.002000
11	11605105	11605106	id-11057823	0.002000
11	11605106	11605107	id-11057824	0.001000
11	11605107	11605108	id-11057825	0.001000
11	11605108	11605109	id-11057826	0.000000
11	11605109	11605110	id-11057827	0.001000
11	11605110	11605111	id-11057828	0.001000
11	11605111	11605112	id-11057829	0.002000
11	11605112	11605113	id-11057830	0.001000
11	11605113	11605114	id-11057831	0.000000
11	11605114	11605115	id-11057832	0.000000
11	11605115	11605116	id-11057833	0.000000
11	11605116	11605117	id-11057834	0.000000
11	11605117	11605118	id-11057835	0.001000
11	11605118	11605119	id-11057836	0.001000
11	11605119	11605120	id-11057837	0.000000
11	11605120	11605121	id-11057838	0.000000
11	11605121	11605122	id-11057839	0.000000
11	11605122	11605123	id-11057840	0.000000
11	11605123	11605124	id-11057841	0.001000
11	11605124	11605125	id-11057842	0.000000
11	11605125	11605126	id-11057843	0.001000
11	11605126	11605127	id-11057844	0.002000
11	11605127	11605128	id-11057845	0.002000
11	11605128	11605129	id-11057846	0.000000
11	11605129	11605130	id-11057847	0.000000
11	11605130	11605131	id-11057848	0.001000
11	11605131	11605132	id-11057849	0.002000
11	11605132	11605133	id-11057850	0.003000
11	11605133	11605134	id-11057851	0.002000
11	11605134	11605135	id-11057852	0.001000
11	11605135	11605136	id-11057853	0.001000
11	11605136	11605137	id-11057854	0.002000
11	11605137	11605138	id-11057855	0.003000
11	11605138	11605139	id-11057856	0.005000
11	11605139	11605140	id-11057857	0.005000
11	11605140	11605141	id-11057858	0.003000
11	11605141	11605142	id-11057859	0.003000
11	11605142	11605143	id-11057860	0.001000
11	11605143	11605144	id-11057861	0.002000
11	11605144	11605145	id-11057862	0.035000
11	11605145	11605146	id-11057863	0.040000
11	11605146	11605147	id-11057864	0.041000
11	11605147	11605148	id-11057865	0.067000
11	11605148	11605149	id-11057866	0.082000
11	11605149	11605150	id-11057867	0.120000
11	11605150	11605151	id-11057868	0.452000
11	11605151	11605152	id-11057869	0.467000
11	11605152	11605153	id-11057870	0.476000
11	11605153	11605154	id-11057871	0.478000
11	11605154	11605155	id-11057872	0.474000
11	11605155	11605156	id-11057873	0.465000
11	11605156	11605157	id-11057874	0.447000
11	11605157	11605158	id-11057875	0.419000
11	11605158	11605159	id-11057876	0.413000
11	11605159	11605160	id-11057877	0.400000
11	11605160	11605161	id-11057878	0.378000
11	11605161	11605162	id-11057879	0.344000
11	11605162	11605163	id-11057880	0.309000
11	11605163	11605164	id-11057881	0.271000
11	11605164	11605165	id-11057882	0.230000
11	11605165	11605166	id-11057883	0.150000
11	11605166	11605167	id-11057884	0.121000
11	11605167	11605168	id-11057885	0.077000
11	11605168	11605169	id-11057886	0.058000
11	11605169	11605170	id-11057887	0.052000
11	11605170	11605171	id-11057888	0.041000
11	11605171	11605172	id-11057889	0.035000
11	11605172	11605173	id-11057890	0.026000
11	11605173	11605174	id-11057891	0.022000
11	11605174	11605175	id-11057892	0.012000
11	11605175	11605176	id-11057893	0.005000
11	11605176	11605177	id-11057894	0.005000
11	11605177	11605178	id-11057895	0.009000
11	11605178	11605179	id-11057896	0.011000
11	11605179	11605180	id-11057897	0.016000
11	11605180	11605181	id-11057898	0.017000
11	11605181	11605182	id-11057899	0.017000
11	11605182	11605183	id-11057900	0.024000
11	11605183	11605184	id-11057901	0.035000
11	11605184	11605185	id-11057902	0.034000
11	11605185	11605186	id-11057903	0.028000
11	11605186	11605187	id-11057904	0.028000
11	11605187	11605188	id-11057905	0.032000
11	11605188	11605189	id-11057906	0.035000
11	11605189	11605190	id-11057907	0.040000
11	11605190	11605191	id-11057908	0.041000
11	11605191	11605192	id-11057909	0.040000
11	11605192	11605193	id-11057910	0.036000
11	11605193	11605194	id-11057911	0.028000
11	11605194	11605195	id-11057912	0.003000
11	11605195	11605196	id-11057913	0.002000
11	11605196	11605197	id-11057914	0.002000
11	11605197	11605198	id-11057915	0.003000
11	11605198	11605199	id-11057916	0.002000
11	11605199	11605200	id-11057917	0.001000
11	11605200	11605201	id-11057918	0.000000
11	11605201	11605202	id-11057919	0.001000
11	11605202	11605203	id-11057920	0.001000
11	11605203	11605204	id-11057921	0.002000
11	11605204	11605205	id-11057922	0.001000
11	11605205	11605206	id-11057923	0.000000
11	11605206	11605207	id-11057924	0.000000
11	11605207	11605208	id-11057925	0.001000
11	11605208	11605209	id-11057926	0.001000
11	11605209	11605210	id-11057927	0.001000
11	11605210	11605211	id-11057928	0.001000
11	11605211	11605212	id-11057929	0.000000
11	11605212	11605213	id-11057930	0.000000
11	11605213	11605214	id-11057931	0.000000
11	11605214	11605215	id-11057932	0.000000
11	11605215	11605216	id-11057933	0.000000
11	11605216	11605217	id-11057934	0.001000
11	11605217	11605218	id-11057935	0.002000
11	11605218	11605219	id-11057936	0.005000
11	11605219	11605220	id-11057937	0.010000
11	11605220	11605221	id-11057938	0.020000
11	11605221	11605222	id-11057939	0.041000
11	11605222	11605223	id-11057940	0.049000
11	11605223	11605224	id-11057941	0.051000
11	11605224	11605225	id-11057942	0.050000
11	11605225	11605226	id-11057943	0.046000
11	11605226	11605227	id-11057944	0.038000
11	11605227	11605228	id-11057945	0.025000
11	11605228	11605229	id-11057946	0.020000
11	11605229	11605230	id-11057947	0.019000
11	11605230	11605231	id-11057948	0.016000
11	11605231	11605232	id-11057949	0.009000
11	11605232	11605233	id-11057950	0.006000
11	11605233	11605234	id-11057951	0.005000
11	11605234	11605235	id-11057952	0.006000
11	11605235	11605236	id-11057953	0.006000
11	11605236	11605237	id-11057954	0.003000
11	11605237	11605238	id-11057955	0.002000
11	11605238	11605239	id-11057956	0.002000
11	11605239	11605240	id-11057957	0.002000
11	11605240	11605241	id-11057958	0.000000
11	11605241	11605242	id-11057959	0.000000
11	11605242	11605243	id-11057960	0.000000
11	11605243	11605244	id-11057961	0.000000
11	11605244	11605245	id-11057962	0.000000
11	11605245	11605246	id-11057963	0.000000
11	11605246	11605247	id-11057964	0.001000
11	11605247	11605248	id-11057965	0.001000
11	11605248	11605249	id-11057966	0.001000
11	11605249	11605250	id-11057967	0.001000
11	11605250	11605251	id-11057968	0.001000
11	11605251	11605252	id-11057969	0.000000
11	11605252	11605253	id-11057970	0.001000
11	11605253	11605254	id-11057971	0.003000
11	11605254	11605255	id-11057972	0.008000
11	11605255	11605256	id-11057973	0.009000
11	11605256	11605257	id-11057974	0.008000
11	11605257	11605258	id-11057975	0.004000
11	11605258	11605259	id-11057976	0.002000
11	11605259	11605260	id-11057977	0.002000
11	11605260	11605261	id-11057978	0.003000
11	11605261	11605262	id-11057979	0.003000
11	11605262	11605263	id-11057980	0.003000
11	11605263	11605264	id-11057981	0.005000
11	11605264	11605265	id-11057982	0.008000
11	11605265	11605266	id-11057983	0.013000
11	11605266	11605267	id-11057984	0.014000
11	11605267	11605268	id-11057985	0.008000
11	11605268	11605269	id-11057986	0.002000
11	11605269	11605270	id-11057987	0.001000
11	11605270	11605271	id-11057988	0.000000
11	11605271	11605272	id-11057989	0.000000
11	11605272	11605273	id-11057990	0.000000
11	11605273	11605274	id-11057991	0.000000
11	11605274	11605275	id-11057992	0.000000
11	11605275	11605276	id-11057993	0.001000
11	11605276	11605277	id-11057994	0.000000
11	11605277	11605278	id-11057995	0.000000
11	11605278	11605279	id-11057996	0.000000
11	11605279	11605280	id-11057997	0.000000
11	11605280	11605281	id-11057998	0.000000
11	11605281	11605282	id-11057999	0.001000
11	11605282	11605283	id-11058000	0.001000
11	11605283	11605284	id-11058001	0.001000
11	11605284	11605285	id-11058002	0.001000
11	11605285	11605286	id-11058003	0.000000
11	11605286	11605287	id-11058004	0.000000
11	11605287	11605288	id-11058005	0.000000
11	11605288	11605289	id-11058006	0.000000
11	11605289	11605290	id-11058007	0.000000
11	11605290	11605291	id-11058008	0.000000
11	11605291	11605292	id-11058009	0.000000
11	11605292	11605293	id-11058010	0.001000
11	11605293	11605294	id-11058011	0.006000
11	11605294	11605295	id-11058012	0.005000
11	11605295	11605296	id-11058013	0.001000
11	11605296	11605297	id-11058014	0.001000
11	11605297	11605298	id-11058015	0.001000
11	11605298	11605299	id-11058016	0.001000
11	11605299	11605300	id-11058017	0.003000
11	11605300	11605301	id-11058018	0.005000
11	11605301	11605302	id-11058019	0.009000
11	11605302	11605303	id-11058020	0.010000
11	11605303	11605304	id-11058021	0.008000
11	11605304	11605305	id-11058022	0.007000
11	11605305	11605306	id-11058023	0.007000
11	11605306	11605307	id-11058024	0.005000
11	11605307	11605308	id-11058025	0.005000
11	11605308	11605309	id-11058026	0.007000
11	11605309	11605310	id-11058027	0.008000
11	11605310	11605311	id-11058028	0.008000
11	11605311	11605312	id-11058029	0.008000
11	11605312	11605313	id-11058030	0.007000
11	11605313	11605314	id-11058031	0.006000
11	11605314	11605315	id-11058032	0.002000
11	11605315	11605316	id-11058033	0.000000
11	11605316	11605317	id-11058034	0.000000
11	11605317	11605318	id-11058035	0.000000
11	11605318	11605319	id-11058036	0.001000
11	11605319	11605320	id-11058037	0.000000
11	11605320	11605321	id-11058038	0.000000
11	11605321	11605322	id-11058039	0.001000
11	11605322	11605323	id-11058040	0.000000
11	11605323	11605324	id-11058041	0.000000
11	11605324	11605325	id-11058042	0.000000
11	11605325	11605326	id-11058043	0.000000
11	11605326	11605327	id-11058044	0.001000
11	11605327	11605328	id-11058045	0.000000
11	11605328	11605329	id-11058046	0.001000
11	11605329	11605330	id-11058047	0.001000
11	11605330	11605331	id-11058048	0.001000
11	11605331	11605332	id-11058049	0.000000
11	11605332	11605333	id-11058050	0.000000
11	11605333	11605334	id-11058051	0.000000
11	11605334	11605335	id-11058052	0.001000
11	11605335	11605336	id-11058053	0.001000
11	11605336	11605337	id-11058054	0.001000
11	11605337	11605338	id-11058055	0.001000
11	11605338	11605339	id-11058056	0.003000
11	11605339	11605340	id-11058057	0.004000
11	11605340	11605341	id-11058058	0.000000
11	11605341	11605342	id-11058059	0.001000
11	11605342	11605343	id-11058060	0.000000
11	11605343	11605344	id-11058061	0.000000
11	11605344	11605345	id-11058062	0.000000
11	11605345	11605346	id-11058063	0.000000
11	11605346	11605347	id-11058064	0.000000
11	11605347	11605348	id-11058065	0.000000
11	11605348	11605349	id-11058066	0.000000
11	11605349	11605350	id-11058067	0.000000
11	11605350	11605351	id-11058068	0.000000
11	11605351	11605352	id-11058069	0.000000
11	11605352	11605353	id-11058070	0.000000
11	11605353	11605354	id-11058071	0.000000
11	11605354	11605355	id-11058072	0.002000
11	11605355	11605356	id-11058073	0.002000
11	11605356	11605357	id-11058074	0.000000
11	11605357	11605358	id-11058075	0.000000
11	11605358	11605359	id-11058076	0.001000
11	11605359	11605360	id-11058077	0.001000
11	11605360	11605361	id-11058078	0.003000
11	11605361	11605362	id-11058079	0.000000
11	11605362	11605363	id-11058080	0.000000
11	11605363	11605364	id-11058081	0.000000
11	11605364	11605365	id-11058082	0.000000
11	11605365	11605366	id-11058083	0.000000
11	11605366	11605367	id-11058084	0.000000
11	11605367	11605368	id-11058085	0.000000
11	11605368	11605369	id-11058086	0.000000
11	11605369	11605370	id-11058087	0.000000
11	11605370	11605371	id-11058088	0.000000
11	11605371	11605372	id-11058089	0.000000
11	11605372	11605373	id-11058090	0.000000
11	11605373	11605374	id-11058091	0.000000
11	11605374	11605375	id-11058092	0.000000
11	11605375	11605376	id-11058093	0.000000
11	11605376	11605377	id-11058094	0.000000
11	11605377	11605378	id-11058095	0.000000
11	11605378	11605379	id-11058096	0.007000
11	11605379	11605380	id-11058097	0.012000
11	11605380	11605381	id-11058098	0.002000
11	11605381	11605382	id-11058099	0.001000
11	11605382	11605383	id-11058100	0.001000
11	11605383	11605384	id-11058101	0.000000
11	11605384	11605385	id-11058102	0.001000
11	11605385	11605386	id-11058103	0.002000
11	11605386	11605387	id-11058104	0.002000
11	11605387	11605388	id-11058105	0.000000
11	11605388	11605389	id-11058106	0.000000
11	11605389	11605390	id-11058107	0.000000
11	11605390	11605391	id-11058108	0.000000
11	11605391	11605392	id-11058109	0.000000
11	11605392	11605393	id-11058110	0.001000
11	11605393	11605394	id-11058111	0.000000
11	11605394	11605395	id-11058112	0.000000
11	11605395	11605396	id-11058113	0.001000
11	11605396	11605397	id-11058114	0.001000
11	11605397	11605398	id-11058115	0.000000
11	11605398	11605399	id-11058116	0.000000
11	11605399	11605400	id-11058117	0.000000
11	11605400	11605401	id-11058118	0.000000
11	11605401	11605402	id-11058119	0.035000
11	11605402	11605403	id-11058120	0.142000
11	11605403	11605404	id-11058121	0.159000
11	11605404	11605405	id-11058122	0.171000
11	11605405	11605406	id-11058123	0.102000
11	11605406	11605407	id-11058124	0.001000
11	11605407	11605408	id-11058125	0.000000
11	11605408	11605409	id-11058126	0.004000
11	11605409	11605410	id-11058127	0.161000
11	11605410	11605411	id-11058128	0.183000
11	11605411	11605412	id-11058129	0.198000
11	11605412	11605413	id-11058130	0.220000
11	11605413	11605414	id-11058131	0.052000
11	11605414	11605415	id-11058132	0.046000
11	11605415	11605416	id-11058133	0.001000
11	11605416	11605417	id-11058134	0.000000
11	11605417	11605418	id-11058135	0.000000
11	11605418	11605419	id-11058136	0.000000
11	11605419	11605420	id-11058137	0.000000
11	11605420	11605421	id-11058138	0.000000
11	11605421	11605422	id-11058139	0.000000
11	11605422	11605423	id-11058140	0.001000
11	11605423	11605424	id-11058141	0.010000
11	11605424	11605425	id-11058142	0.023000
11	11605425	11605426	id-11058143	0.019000
11	11605426	11605427	id-11058144	0.015000
11	11605427	11605428	id-11058145	0.005000
11	11605428	11605429	id-11058146	0.000000
11	11605429	11605430	id-11058147	0.000000
11	11605430	11605431	id-11058148	0.000000
11	11605431	11605432	id-11058149	0.000000
11	11605432	11605433	id-11058150	0.001000
11	11605433	11605434	id-11058151	0.061000
11	11605434	11605435	id-11058152	0.067000
11	11605435	11605436	id-11058153	0.117000
11	11605436	11605437	id-11058154	0.215000
11	11605437	11605438	id-11058155	0.205000
11	11605438	11605439	id-11058156	0.006000
11	11605439	11605440	id-11058157	0.007000
11	11605440	11605441	id-11058158	0.006000
11	11605441	11605442	id-11058159	0.004000
11	11605442	11605443	id-11058160	0.002000
11	11605443	11605444	id-11058161	0.002000
11	11605444	11605445	id-11058162	0.001000
11	11605445	11605446	id-11058163	0.000000
11	11605446	11605447	id-11058164	0.000000
11	11605447	11605448	id-11058165	0.001000
11	11605448	11605449	id-11058166	0.001000
11	11605449	11605450	id-11058167	0.002000
11	11605450	11605451	id-11058168	0.000000
11	11605451	11605452	id-11058169	0.000000
11	11605452	11605453	id-11058170	0.000000
11	11605453	11605454	id-11058171	0.000000
11	11605454	11605455	id-11058172	0.000000
11	11605455	11605456	id-11058173	0.000000
11	11605456	11605457	id-11058174	0.000000
11	11605457	11605458	id-11058175	0.001000
11	11605458	11605459	id-11058176	0.001000
11	11605459	11605460	id-11058177	0.002000
11	11605460	11605461	id-11058178	0.001000
11	11605461	11605462	id-11058179	0.064000
11	11605462	11605463	id-11058180	0.208000
11	11605463	11605464	id-11058181	0.305000
11	11605464	11605465	id-11058182	0.370000
11	11605465	11605466	id-11058183	0.055000
11	11605466	11605467	id-11058184	0.055000
11	11605467	11605468	id-11058185	0.058000
11	11605468	11605469	id-11058186	0.010000
11	11605469	11605470	id-11058187	0.004000
11	11605470	11605471	id-11058188	0.001000
11	11605471	11605472	id-11058189	0.000000
11	11605472	11605473	id-11058190	0.000000
11	11605473	11605474	id-11058191	0.000000
11	11605474	11605475	id-11058192	0.023000
11	11605475	11605476	id-11058193	0.030000
11	11605476	11605477	id-11058194	0.026000
11	11605477	11605478	id-11058195	0.003000
11	11605478	11605479	id-11058196	0.000000
11	11605479	11605480	id-11058197	0.000000
11	11605480	11605481	id-11058198	0.000000
11	11605481	11605482	id-11058199	0.000000
11	11605482	11605483	id-11058200	0.000000
11	11605483	11605484	id-11058201	0.000000
11	11605484	11605485	id-11058202	0.000000
11	11605485	11605486	id-11058203	0.000000
11	11605486	11605487	id-11058204	0.000000
11	11605487	11605488	id-11058205	0.000000
11	11605488	11605489	id-11058206	0.000000
11	11605489	11605490	id-11058207	0.000000
11	11605490	11605491	id-11058208	0.000000
11	11605491	11605492	id-11058209	0.000000
11	11605492	11605493	id-11058210	0.000000
11	11605493	11605494	id-11058211	0.000000
11	11605494	11605495	id-11058212	0.000000
11	11605495	11605496	id-11058213	0.004000
11	11605496	11605497	id-11058214	0.007000
11	11605497	11605498	id-11058215	0.004000
11	11605498	11605499	id-11058216	0.008000
11	11605499	11605500	id-11058217	0.005000
11	11605500	11605501	id-11058218	0.006000
11	11605501	11605502	id-11058219	0.005000
11	11605502	11605503	id-11058220	0.000000
11	11605503	11605504	id-11058221	0.000000
11	11605504	11605505	id-11058222	0.000000
11	11605505	11605506	id-11058223	0.000000
11	11605506	11605507	id-11058224	0.000000
11	11605507	11605508	id-11058225	0.001000
11	11605508	11605509	id-11058226	0.001000
11	11605509	11605510	id-11058227	0.000000
11	11605510	11605511	id-11058228	0.000000
11	11605511	11605512	id-11058229	0.000000
11	11605512	11605513	id-11058230	0.000000
11	11605513	11605514	id-11058231	0.000000
11	11605514	11605515	id-11058232	0.000000
11	11605515	11605516	id-11058233	0.001000
11	11605516	11605517	id-11058234	0.001000
11	11605517	11605518	id-11058235	0.000000
11	11605518	11605519	id-11058236	0.000000
11	11605519	11605520	id-11058237	0.000000
11	11605520	11605521	id-11058238	0.000000
11	11605521	11605522	id-11058239	0.000000
11	11605522	11605523	id-11058240	0.000000
11	11605523	11605524	id-11058241	0.000000
11	11605524	11605525	id-11058242	0.000000
11	11605525	11605526	id-11058243	0.000000
11	11605526	11605527	id-11058244	0.092000
11	11605527	11605528	id-11058245	0.116000
11	11605528	11605529	id-11058246	0.061000
11	11605529	11605530	id-11058247	0.002000
11	11605530	11605531	id-11058248	0.000000
11	11605531	11605532	id-11058249	0.000000
11	11605532	11605533	id-11058250	0.000000
11	11605533	11605534	id-11058251	0.000000
11	11605534	11605535	id-11058252	0.000000
11	11605535	11605536	id-11058253	0.000000
11	11605536	11605537	id-11058254	0.000000
11	11605537	11605538	id-11058255	0.000000
11	11605538	11605539	id-11058256	0.000000
11	11605539	11605540	id-11058257	0.001000
11	11605540	11605541	id-11058258	0.003000
11	11605541	11605542	id-11058259	0.000000
11	11605542	11605543	id-11058260	0.000000
11	11605543	11605544	id-11058261	0.000000
11	11605544	11605545	id-11058262	0.000000
11	11605545	11605546	id-11058263	0.000000
11	11605546	11605547	id-11058264	0.000000
11	11605547	11605548	id-11058265	0.009000
11	11605548	11605549	id-11058266	0.003000
11	11605549	11605550	id-11058267	0.002000
11	11605550	11605551	id-11058268	0.001000
11	11605551	11605552	id-11058269	0.019000
11	11605552	11605553	id-11058270	0.016000
11	11605553	11605554	id-11058271	0.016000
11	11605554	11605555	id-11058272	0.015000
11	11605555	11605556	id-11058273	0.002000
11	11605556	11605557	id-11058274	0.000000
11	11605557	11605558	id-11058275	0.000000
11	11605558	11605559	id-11058276	0.000000
11	11605559	11605560	id-11058277	0.000000
11	11605560	11605561	id-11058278	0.000000
11	11605561	11605562	id-11058279	0.000000
11	11605562	11605563	id-11058280	0.000000
11	11605563	11605564	id-11058281	0.000000
11	11605564	11605565	id-11058282	0.000000
11	11605565	11605566	id-11058283	0.000000
11	11605566	11605567	id-11058284	0.001000
11	11605567	11605568	id-11058285	0.000000
11	11605568	11605569	id-11058286	0.003000
11	11605569	11605570	id-11058287	0.001000
11	11605570	11605571	id-11058288	0.000000
11	11605571	11605572	id-11058289	0.000000
11	11605572	11605573	id-11058290	0.000000
11	11605573	11605574	id-11058291	0.000000
11	11605574	11605575	id-11058292	0.000000
11	11605575	11605576	id-11058293	0.000000
11	11605576	11605577	id-11058294	0.000000
11	11605577	11605578	id-11058295	0.000000
11	11605578	11605579	id-11058296	0.000000
11	11605579	11605580	id-11058297	0.000000
11	11605580	11605581	id-11058298	0.000000
11	11605581	11605582	id-11058299	0.000000
11	11605582	11605583	id-11058300	0.000000
11	11605583	11605584	id-11058301	0.000000
11	11605584	11605585	id-11058302	0.004000
11	11605585	11605586	id-11058303	0.001000
11	11605586	11605587	id-11058304	0.000000
11	11605587	11605588	id-11058305	0.001000
11	11605588	11605589	id-11058306	0.003000
11	11605589	11605590	id-11058307	0.025000
11	11605590	11605591	id-11058308	0.041000
11	11605591	11605592	id-11058309	0.002000
11	11605592	11605593	id-11058310	0.000000
11	11605593	11605594	id-11058311	0.000000
11	11605594	11605595	id-11058312	0.000000
11	11605595	11605596	id-11058313	0.001000
11	11605596	11605597	id-11058314	0.000000
11	11605597	11605598	id-11058315	0.013000
11	11605598	11605599	id-11058316	0.000000
11	11605599	11605600	id-11058317	0.000000
11	11605600	11605601	id-11058318	0.000000
11	11605601	11605602	id-11058319	0.000000
11	11605602	11605603	id-11058320	0.000000
11	11605603	11605604	id-11058321	0.000000
11	11605604	11605605	id-11058322	0.000000
11	11605605	11605606	id-11058323	0.000000
11	11605606	11605607	id-11058324	0.000000
11	11605607	11605608	id-11058325	0.000000
11	11605608	11605609	id-11058326	0.001000
11	11605609	11605610	id-11058327	0.002000
11	11605610	11605611	id-11058328	0.001000
11	11605611	11605612	id-11058329	0.000000
11	11605612	11605613	id-11058330	0.000000
11	11605613	11605614	id-11058331	0.000000
11	11605614	11605615	id-11058332	0.001000
11	11605615	11605616	id-11058333	0.000000
11	11605616	11605617	id-11058334	0.000000
11	11605617	11605618	id-11058335	0.002000
11	11605618	11605619	id-11058336	0.006000
11	11605619	11605620	id-11058337	0.007000
11	11605620	11605621	id-11058338	0.010000
11	11605621	11605622	id-11058339	0.015000
11	11605622	11605623	id-11058340	0.014000
11	11605623	11605624	id-11058341	0.000000
11	11605624	11605625	id-11058342	0.000000
11	11605625	11605626	id-11058343	0.002000
11	11605626	11605627	id-11058344	0.000000
11	11605627	11605628	id-11058345	0.000000
11	11605628	11605629	id-11058346	0.000000
11	11605629	11605630	id-11058347	0.000000
11	11605630	11605631	id-11058348	0.000000
11	11605631	11605632	id-11058349	0.000000
11	11605632	11605633	id-11058350	0.002000
11	11605633	11605634	id-11058351	0.000000
11	11605634	11605635	id-11058352	0.000000
11	11605635	11605636	id-11058353	0.002000
11	11605636	11605637	id-11058354	0.001000
11	11605637	11605638	id-11058355	0.090000
11	11605638	11605639	id-11058356	0.004000
11	11605639	11605640	id-11058357	0.000000
11	11605640	11605641	id-11058358	0.000000
11	11605641	11605642	id-11058359	0.000000
11	11605642	11605643	id-11058360	0.000000
11	11605643	11605644	id-11058361	0.000000
11	11605644	11605645	id-11058362	0.000000
11	11605645	11605646	id-11058363	0.000000
11	11605646	11605647	id-11058364	0.000000
11	11605647	11605648	id-11058365	0.000000
11	11605648	11605649	id-11058366	0.000000
11	11605649	11605650	id-11058367	0.000000
11	11605650	11605651	id-11058368	0.000000
11	11605651	11605652	id-11058369	0.000000
11	11605652	11605653	id-11058370	0.000000
11	11605653	11605654	id-11058371	0.036000
11	11605654	11605655	id-11058372	0.063000
11	11605655	11605656	id-11058373	0.060000
11	11605656	11605657	id-11058374	0.011000
11	11605657	11605658	id-11058375	0.008000
11	11605658	11605659	id-11058376	0.006000
11	11605659	11605660	id-11058377	0.004000
11	11605660	11605661	id-11058378	0.001000
11	11605661	11605662	id-11058379	0.001000
11	11605662	11605663	id-11058380	0.001000
11	11605663	11605664	id-11058381	0.000000
11	11605664	11605665	id-11058382	0.000000
11	11605665	11605666	id-11058383	0.002000
11	11605666	11605667	id-11058384	0.009000
11	11605667	11605668	id-11058385	0.030000
11	11605668	11605669	id-11058386	0.031000
11	11605669	11605670	id-11058387	0.037000
11	11605670	11605671	id-11058388	0.031000
11	11605671	11605672	id-11058389	0.011000
11	11605672	11605673	id-11058390	0.003000
11	11605673	11605674	id-11058391	0.002000
11	11605674	11605675	id-11058392	0.000000
11	11605675	11605676	id-11058393	0.000000
11	11605676	11605677	id-11058394	0.000000
11	11605677	11605678	id-11058395	0.000000
11	11605678	11605679	id-11058396	0.000000
11	11605679	11605680	id-11058397	0.000000
11	11605680	11605681	id-11058398	0.004000
11	11605681	11605682	id-11058399	0.023000
11	11605682	11605683	id-11058400	0.000000
11	11605683	11605684	id-11058401	0.000000
11	11605684	11605685	id-11058402	0.000000
11	11605685	11605686	id-11058403	0.000000
11	11605686	11605687	id-11058404	0.000000
11	11605687	11605688	id-11058405	0.000000
11	11605688	11605689	id-11058406	0.088000
11	11605689	11605690	id-11058407	0.117000
11	11605690	11605691	id-11058408	0.052000
11	11605691	11605692	id-11058409	0.023000
11	11605692	11605693	id-11058410	0.010000
11	11605693	11605694	id-11058411	0.010000
11	11605694	11605695	id-11058412	0.003000
11	11605695	11605696	id-11058413	0.000000
11	11605696	11605697	id-11058414	0.000000
11	11605697	11605698	id-11058415	0.004000
11	11605698	11605699	id-11058416	0.005000
11	11605699	11605700	id-11058417	0.002000
11	11605700	11605701	id-11058418	0.003000
11	11605701	11605702	id-11058419	0.000000
11	11605702	11605703	id-11058420	0.000000
11	11605703	11605704	id-11058421	0.001000
11	11605704	11605705	id-11058422	0.000000
11	11605705	11605706	id-11058423	0.000000
11	11605706	11605707	id-11058424	0.000000
11	11605707	11605708	id-11058425	0.000000
11	11605708	11605709	id-11058426	0.000000
11	11605709	11605710	id-11058427	0.000000
11	11605710	11605711	id-11058428	0.001000
11	11605711	11605712	id-11058429	0.000000
11	11605712	11605713	id-11058430	0.001000
11	11605713	11605714	id-11058431	0.000000
11	11605714	11605715	id-11058432	0.004000
11	11605715	11605716	id-11058433	0.000000
11	11605716	11605717	id-11058434	0.000000
11	11605717	11605718	id-11058435	0.013000
11	11605718	11605719	id-11058436	0.021000
11	11605719	11605720	id-11058437	0.025000
11	11605720	11605721	id-11058438	0.008000
11	11605721	11605722	id-11058439	0.001000
11	11605722	11605723	id-11058440	0.001000
11	11605723	11605724	id-11058441	0.000000
11	11605724	11605725	id-11058442	0.001000
11	11605725	11605726	id-11058443	0.002000
11	11605726	11605727	id-11058444	0.000000
11	11605727	11605728	id-11058445	0.000000
11	11605728	11605729	id-11058446	0.000000
11	11605729	11605730	id-11058447	0.000000
11	11605730	11605731	id-11058448	0.000000
11	11605731	11605732	id-11058449	0.004000
11	11605732	11605733	id-11058450	0.013000
11	11605733	11605734	id-11058451	0.020000
11	11605734	11605735	id-11058452	0.019000
11	11605735	11605736	id-11058453	0.014000
11	11605736	11605737	id-11058454	0.006000
11	11605737	11605738	id-11058455	0.001000
11	11605738	11605739	id-11058456	0.000000
11	11605739	11605740	id-11058457	0.000000
11	11605740	11605741	id-11058458	0.000000
11	11605741	11605742	id-11058459	0.007000
11	11605742	11605743	id-11058460	0.000000
11	11605743	11605744	id-11058461	0.001000
11	11605744	11605745	id-11058462	0.000000
11	11605745	11605746	id-11058463	0.000000
11	11605746	11605747	id-11058464	0.001000
11	11605747	11605748	id-11058465	0.000000
11	11605748	11605749	id-11058466	0.002000
11	11605749	11605750	id-11058467	0.001000
11	11605750	11605751	id-11058468	0.002000
11	11605751	11605752	id-11058469	0.001000
11	11605752	11605753	id-11058470	0.000000
11	11605753	11605754	id-11058471	0.000000
11	11605754	11605755	id-11058472	0.003000
11	11605755	11605756	id-11058473	0.003000
11	11605756	11605757	id-11058474	0.006000
11	11605757	11605758	id-11058475	0.080000
11	11605758	11605759	id-11058476	0.010000
11	11605759	11605760	id-11058477	0.006000
11	11605760	11605761	id-11058478	0.000000
11	11605761	11605762	id-11058479	0.000000
11	11605762	11605763	id-11058480	0.000000
11	11605763	11605764	id-11058481	0.000000
11	11605764	11605765	id-11058482	0.000000
11	11605765	11605766	id-11058483	0.000000
11	11605766	11605767	id-11058484	0.000000
11	11605767	11605768	id-11058485	0.002000
11	11605768	11605769	id-11058486	0.000000
11	11605769	11605770	id-11058487	0.000000
11	11605770	11605771	id-11058488	0.001000
11	11605771	11605772	id-11058489	0.000000
11	11605772	11605773	id-11058490	0.000000
11	11605773	11605774	id-11058491	0.000000
11	11605774	11605775	id-11058492	0.000000
11	11605775	11605776	id-11058493	0.000000
11	11605776	11605777	id-11058494	0.000000
11	11605777	11605778	id-11058495	0.001000
11	11605778	11605779	id-11058496	0.000000
11	11605779	11605780	id-11058497	0.000000
11	11605780	11605781	id-11058498	0.000000
11	11605781	11605782	id-11058499	0.000000
11	11605782	11605783	id-11058500	0.000000
11	11605783	11605784	id-11058501	0.000000
11	11605784	11605785	id-11058502	0.001000
11	11605785	11605786	id-11058503	0.002000
11	11605786	11605787	id-11058504	0.028000
11	11605787	11605788	id-11058505	0.008000
11	11605788	11605789	id-11058506	0.004000
11	11605789	11605790	id-11058507	0.001000
11	11605790	11605791	id-11058508	0.007000
11	11605791	11605792	id-11058509	0.003000
11	11605792	11605793	id-11058510	0.002000
11	11605793	11605794	id-11058511	0.013000
11	11605794	11605795	id-11058512	0.002000
11	11605795	11605796	id-11058513	0.000000
11	11605796	11605797	id-11058514	0.000000
11	11605797	11605798	id-11058515	0.000000
11	11605798	11605799	id-11058516	0.000000
11	11605799	11605800	id-11058517	0.000000
11	11605800	11605801	id-11058518	0.000000
11	11605801	11605802	id-11058519	0.000000
11	11605802	11605803	id-11058520	0.001000
11	11605803	11605804	id-11058521	0.000000
11	11605804	11605805	id-11058522	0.000000
11	11605805	11605806	id-11058523	0.000000
11	11605806	11605807	id-11058524	0.000000
11	11605807	11605808	id-11058525	0.000000
11	11605808	11605809	id-11058526	0.000000
11	11605809	11605810	id-11058527	0.005000
11	11605810	11605811	id-11058528	0.013000
11	11605811	11605812	id-11058529	0.003000
11	11605812	11605813	id-11058530	0.002000
11	11605813	11605814	id-11058531	0.001000
11	11605814	11605815	id-11058532	0.002000
11	11605815	11605816	id-11058533	0.001000
11	11605816	11605817	id-11058534	0.000000
11	11605817	11605818	id-11058535	0.000000
11	11605818	11605819	id-11058536	0.001000
11	11605819	11605820	id-11058537	0.001000
11	11605820	11605821	id-11058538	0.000000
11	11605821	11605822	id-11058539	0.001000
11	11605822	11605823	id-11058540	0.000000
11	11605823	11605824	id-11058541	0.000000
11	11605824	11605825	id-11058542	0.001000
11	11605825	11605826	id-11058543	0.000000
11	11605826	11605827	id-11058544	0.000000
11	11605827	11605828	id-11058545	0.000000
11	11605828	11605829	id-11058546	0.001000
11	11605829	11605830	id-11058547	0.001000
11	11605830	11605831	id-11058548	0.001000
11	11605831	11605832	id-11058549	0.002000
11	11605832	11605833	id-11058550	0.000000
11	11605833	11605834	id-11058551	0.000000
11	11605834	11605835	id-11058552	0.059000
11	11605835	11605836	id-11058553	0.020000
11	11605836	11605837	id-11058554	0.008000
11	11605837	11605838	id-11058555	0.001000
11	11605838	11605839	id-11058556	0.000000
11	11605839	11605840	id-11058557	0.000000
11	11605840	11605841	id-11058558	0.000000
11	11605841	11605842	id-11058559	0.000000
11	11605842	11605843	id-11058560	0.000000
11	11605843	11605844	id-11058561	0.001000
11	11605844	11605845	id-11058562	0.003000
11	11605845	11605846	id-11058563	0.005000
11	11605846	11605847	id-11058564	0.005000
11	11605847	11605848	id-11058565	0.000000
11	11605848	11605849	id-11058566	0.000000
11	11605849	11605850	id-11058567	0.001000
11	11605850	11605851	id-11058568	0.000000
11	11605851	11605852	id-11058569	0.003000
11	11605852	11605853	id-11058570	0.007000
11	11605853	11605854	id-11058571	0.010000
11	11605854	11605855	id-11058572	0.000000
11	11605855	11605856	id-11058573	0.000000
11	11605856	11605857	id-11058574	0.000000
11	11605857	11605858	id-11058575	0.001000
11	11605858	11605859	id-11058576	0.000000
11	11605859	11605860	id-11058577	0.000000
11	11605860	11605861	id-11058578	0.000000
11	11605861	11605862	id-11058579	0.000000
11	11605862	11605863	id-11058580	0.000000
11	11605863	11605864	id-11058581	0.000000
11	11605864	11605865	id-11058582	0.000000
11	11605865	11605866	id-11058583	0.000000
11	11605866	11605867	id-11058584	0.000000
11	11605867	11605868	id-11058585	0.000000
11	11605868	11605869	id-11058586	0.000000
11	11605869	11605870	id-11058587	0.000000
11	11605870	11605871	id-11058588	0.000000
11	11605871	11605872	id-11058589	0.000000
11	11605872	11605873	id-11058590	0.002000
11	11605873	11605874	id-11058591	0.000000
11	11605874	11605875	id-11058592	0.000000
11	11605875	11605876	id-11058593	0.000000
11	11605876	11605877	id-11058594	0.000000
11	11605877	11605878	id-11058595	0.000000
11	11605878	11605879	id-11058596	0.000000
11	11605879	11605880	id-11058597	0.002000
11	11605880	11605881	id-11058598	0.000000
11	11605881	11605882	id-11058599	0.000000
11	11605882	11605883	id-11058600	0.028000
11	11605883	11605884	id-11058601	0.050000
11	11605884	11605885	id-11058602	0.051000
11	11605885	11605886	id-11058603	0.033000
11	11605886	11605887	id-11058604	0.004000
11	11605887	11605888	id-11058605	0.000000
11	11605888	11605889	id-11058606	0.000000
11	11605889	11605890	id-11058607	0.001000
11	11605890	11605891	id-11058608	0.029000
11	11605891	11605892	id-11058609	0.067000
11	11605892	11605893	id-11058610	0.065000
11	11605893	11605894	id-11058611	0.035000
11	11605894	11605895	id-11058612	0.017000
11	11605895	11605896	id-11058613	0.016000
11	11605896	11605897	id-11058614	0.005000
11	11605897	11605898	id-11058615	0.004000
11	11605898	11605899	id-11058616	0.000000
11	11605899	11605900	id-11058617	0.001000
11	11605900	11605901	id-11058618	0.004000
11	11605901	11605902	id-11058619	0.012000
11	11605902	11605903	id-11058620	0.008000
11	11605903	11605904	id-11058621	0.000000
11	11605904	11605905	id-11058622	0.001000
11	11605905	11605906	id-11058623	0.000000
11	11605906	11605907	id-11058624	0.000000
11	11605907	11605908	id-11058625	0.000000
11	11605908	11605909	id-11058626	0.002000
11	11605909	11605910	id-11058627	0.018000
11	11605910	11605911	id-11058628	0.021000
11	11605911	11605912	id-11058629	0.023000
11	11605912	11605913	id-11058630	0.000000
11	11605913	11605914	id-11058631	0.003000
11	11605914	11605915	id-11058632	0.003000
11	11605915	11605916	id-11058633	0.008000
11	11605916	11605917	id-11058634	0.001000
11	11605917	11605918	id-11058635	0.054000
11	11605918	11605919	id-11058636	0.060000
11	11605919	11605920	id-11058637	0.054000
11	11605920	11605921	id-11058638	0.002000
11	11605921	11605922	id-11058639	0.000000
11	11605922	11605923	id-11058640	0.000000
11	11605923	11605924	id-11058641	0.000000
11	11605924	11605925	id-11058642	0.001000
11	11605925	11605926	id-11058643	0.000000
11	11605926	11605927	id-11058644	0.000000
11	11605927	11605928	id-11058645	0.000000
11	11605928	11605929	id-11058646	0.000000
11	11605929	11605930	id-11058647	0.001000
11	11605930	11605931	id-11058648	0.000000
11	11605931	11605932	id-11058649	0.000000
11	11605932	11605933	id-11058650	0.000000
11	11605933	11605934	id-11058651	0.000000
11	11605934	11605935	id-11058652	0.001000
11	11605935	11605936	id-11058653	0.003000
11	11605936	11605937	id-11058654	0.000000
11	11605937	11605938	id-11058655	0.000000
11	11605938	11605939	id-11058656	0.000000
11	11605939	11605940	id-11058657	0.000000
11	11605940	11605941	id-11058658	0.000000
11	11605941	11605942	id-11058659	0.000000
11	11605942	11605943	id-11058660	0.000000
11	11605943	11605944	id-11058661	0.000000
11	11605944	11605945	id-11058662	0.000000
11	11605945	11605946	id-11058663	0.000000
11	11605946	11605947	id-11058664	0.000000
11	11605947	11605948	id-11058665	0.000000
11	11605948	11605949	id-11058666	0.001000
11	11605949	11605950	id-11058667	0.000000
11	11605950	11605951	id-11058668	0.002000
11	11605951	11605952	id-11058669	0.002000
11	11605952	11605953	id-11058670	0.000000
11	11605953	11605954	id-11058671	0.000000
11	11605954	11605955	id-11058672	0.000000
11	11605955	11605956	id-11058673	0.000000
11	11605956	11605957	id-11058674	0.000000
11	11605957	11605958	id-11058675	0.001000
11	11605958	11605959	id-11058676	0.000000
11	11605959	11605960	id-11058677	0.000000
11	11605960	11605961	id-11058678	0.001000
11	11605961	11605962	id-11058679	0.000000
11	11605962	11605963	id-11058680	0.000000
11	11605963	11605964	id-11058681	0.000000
11	11605964	11605965	id-11058682	0.000000
11	11605965	11605966	id-11058683	0.000000
11	11605966	11605967	id-11058684	0.000000
11	11605967	11605968	id-11058685	0.001000
11	11605968	11605969	id-11058686	0.000000
11	11605969	11605970	id-11058687	0.000000
11	11605970	11605971	id-11058688	0.000000
11	11605971	11605972	id-11058689	0.000000
11	11605972	11605973	id-11058690	0.000000
11	11605973	11605974	id-11058691	0.000000
11	11605974	11605975	id-11058692	0.034000
11	11605975	11605976	id-11058693	0.014000
11	11605976	11605977	id-11058694	0.010000
11	11605977	11605978	id-11058695	0.002000
11	11605978	11605979	id-11058696	0.000000
11	11605979	11605980	id-11058697	0.001000
11	11605980	11605981	id-11058698	0.001000
11	11605981	11605982	id-11058699	0.012000
11	11605982	11605983	id-11058700	0.009000
11	11605983	11605984	id-11058701	0.002000
11	11605984	11605985	id-11058702	0.000000
11	11605985	11605986	id-11058703	0.000000
11	11605986	11605987	id-11058704	0.000000
11	11605987	11605988	id-11058705	0.000000
11	11605988	11605989	id-11058706	0.000000
11	11605989	11605990	id-11058707	0.000000
11	11605990	11605991	id-11058708	0.000000
11	11605991	11605992	id-11058709	0.000000
11	11605992	11605993	id-11058710	0.000000
11	11605993	11605994	id-11058711	0.000000
11	11605994	11605995	id-11058712	0.000000
11	11605995	11605996	id-11058713	0.000000
11	11605996	11605997	id-11058714	0.000000
11	11605997	11605998	id-11058715	0.000000
11	11605998	11605999	id-11058716	0.000000
11	11605999	11606000	id-11058717	0.000000
